Build Timestamp (UTC)	Build	Job	Job URL	Build Trigger	Allow Job Failure	PR#	Branch	Commit	Commit Range	Commit Message	Sketch Filename	Board ID	IDE Version	Program Storage (bytes)	Dynamic Memory (bytes)	# Warnings	Allow Failure	Exit Status	# Board Issues	Board Issue	# Library Issues	Library Issue
2020-02-10 06:07:07	297	297.158	https://travis-ci.org/SpenceKonde/ATTinyCore/jobs/648224001	push	false	false	master	a664aff78e5a2462cedc97be8efa13f06c2cc11c	63034b98c00e...a664aff78e5a	Remove pulseIntLong when millis disabled	/home/travis/Arduino/hardware/ATTinyCore/avr/libraries/SoftwareSerial/examples/SoftwareSerialExample/SoftwareSerialExample.ino	ATTinyCore:avr:attiny1634:LTO=disable,clock=16external,eesave=aenable,bod=1v8,neopixelport=portb,millis=enabled,bodact=disabled,bodpd=disabled	1.6.7	3824	265	9	false	0	0		0	
2020-02-10 06:07:11	297	297.158	https://travis-ci.org/SpenceKonde/ATTinyCore/jobs/648224001	push	false	false	master	a664aff78e5a2462cedc97be8efa13f06c2cc11c	63034b98c00e...a664aff78e5a	Remove pulseIntLong when millis disabled	/home/travis/Arduino/hardware/ATTinyCore/avr/libraries/SoftwareSerial/examples/TwoPortReceive/TwoPortReceive.ino	ATTinyCore:avr:attiny1634:LTO=disable,clock=16external,eesave=aenable,bod=1v8,neopixelport=portb,millis=enabled,bodact=disabled,bodpd=disabled	1.6.7	3924	306	9	false	0	0		0	
2020-02-10 06:07:15	297	297.158	https://travis-ci.org/SpenceKonde/ATTinyCore/jobs/648224001	push	false	false	master	a664aff78e5a2462cedc97be8efa13f06c2cc11c	63034b98c00e...a664aff78e5a	Remove pulseIntLong when millis disabled	/home/travis/Arduino/hardware/ATTinyCore/avr/libraries/tinyNeoPixel/examples/strandtest/strandtest.ino	ATTinyCore:avr:attiny1634:LTO=disable,clock=16external,eesave=aenable,bod=1v8,neopixelport=portb,millis=enabled,bodact=disabled,bodpd=disabled	1.6.7	3742	39	0	false	0	0		0	
2020-02-10 06:07:24	297	297.158	https://travis-ci.org/SpenceKonde/ATTinyCore/jobs/648224001	push	false	false	master	a664aff78e5a2462cedc97be8efa13f06c2cc11c	63034b98c00e...a664aff78e5a	Remove pulseIntLong when millis disabled	/home/travis/Arduino/hardware/ATTinyCore/avr/libraries/tinyNeoPixel/examples/buttoncycler/buttoncycler.ino	ATTinyCore:avr:attiny1634:LTO=disable,clock=16external,eesave=aenable,bod=1v8,neopixelport=portb,millis=enabled,bodact=disabled,bodpd=disabled	1.6.7	2776	41	0	false	0	0		0	
2020-02-10 06:07:28	297	297.158	https://travis-ci.org/SpenceKonde/ATTinyCore/jobs/648224001	push	false	false	master	a664aff78e5a2462cedc97be8efa13f06c2cc11c	63034b98c00e...a664aff78e5a	Remove pulseIntLong when millis disabled	/home/travis/Arduino/hardware/ATTinyCore/avr/libraries/tinyNeoPixel/examples/RGBWstrandtest/RGBWstrandtest.ino	ATTinyCore:avr:attiny1634:LTO=disable,clock=16external,eesave=aenable,bod=1v8,neopixelport=portb,millis=enabled,bodact=disabled,bodpd=disabled	1.6.7	6958	410	6	false	0	0		0	
2020-02-10 06:07:32	297	297.158	https://travis-ci.org/SpenceKonde/ATTinyCore/jobs/648224001	push	false	false	master	a664aff78e5a2462cedc97be8efa13f06c2cc11c	63034b98c00e...a664aff78e5a	Remove pulseIntLong when millis disabled	/home/travis/Arduino/hardware/ATTinyCore/avr/libraries/tinyNeoPixel/examples/simple/simple.ino	ATTinyCore:avr:attiny1634:LTO=disable,clock=16external,eesave=aenable,bod=1v8,neopixelport=portb,millis=enabled,bodact=disabled,bodpd=disabled	1.6.7	2776	41	0	false	0	0		0	
2020-02-10 06:07:36	297	297.158	https://travis-ci.org/SpenceKonde/ATTinyCore/jobs/648224001	push	false	false	master	a664aff78e5a2462cedc97be8efa13f06c2cc11c	63034b98c00e...a664aff78e5a	Remove pulseIntLong when millis disabled	/home/travis/Arduino/hardware/ATTinyCore/avr/libraries/Servo/examples/Knob/Knob.ino	ATTinyCore:avr:attiny1634:LTO=disable,clock=16external,eesave=aenable,bod=1v8,neopixelport=portb,millis=enabled,bodact=disabled,bodpd=disabled	1.6.7	2814	59	1	false	0	0		0	
2020-02-10 06:07:40	297	297.158	https://travis-ci.org/SpenceKonde/ATTinyCore/jobs/648224001	push	false	false	master	a664aff78e5a2462cedc97be8efa13f06c2cc11c	63034b98c00e...a664aff78e5a	Remove pulseIntLong when millis disabled	/home/travis/Arduino/hardware/ATTinyCore/avr/libraries/Servo/examples/Sweep/Sweep.ino	ATTinyCore:avr:attiny1634:LTO=disable,clock=16external,eesave=aenable,bod=1v8,neopixelport=portb,millis=enabled,bodact=disabled,bodpd=disabled	1.6.7	2758	56	1	false	0	0		0	
2020-02-10 06:07:44	297	297.158	https://travis-ci.org/SpenceKonde/ATTinyCore/jobs/648224001	push	false	false	master	a664aff78e5a2462cedc97be8efa13f06c2cc11c	63034b98c00e...a664aff78e5a	Remove pulseIntLong when millis disabled	/home/travis/Arduino/hardware/ATTinyCore/avr/libraries/EEPROM/examples/eeprom_get/eeprom_get.ino	ATTinyCore:avr:attiny1634:LTO=disable,clock=16external,eesave=aenable,bod=1v8,neopixelport=portb,millis=enabled,bodact=disabled,bodpd=disabled	1.6.7	4122	192	0	false	0	0		0	
2020-02-10 06:07:48	297	297.158	https://travis-ci.org/SpenceKonde/ATTinyCore/jobs/648224001	push	false	false	master	a664aff78e5a2462cedc97be8efa13f06c2cc11c	63034b98c00e...a664aff78e5a	Remove pulseIntLong when millis disabled	/home/travis/Arduino/hardware/ATTinyCore/avr/libraries/EEPROM/examples/eeprom_crc/eeprom_crc.ino	ATTinyCore:avr:attiny1634:LTO=disable,clock=16external,eesave=aenable,bod=1v8,neopixelport=portb,millis=enabled,bodact=disabled,bodpd=disabled	1.6.7	2526	234	1	false	0	0		0	
2020-02-10 06:07:52	297	297.158	https://travis-ci.org/SpenceKonde/ATTinyCore/jobs/648224001	push	false	false	master	a664aff78e5a2462cedc97be8efa13f06c2cc11c	63034b98c00e...a664aff78e5a	Remove pulseIntLong when millis disabled	/home/travis/Arduino/hardware/ATTinyCore/avr/libraries/EEPROM/examples/eeprom_read/eeprom_read.ino	ATTinyCore:avr:attiny1634:LTO=disable,clock=16external,eesave=aenable,bod=1v8,neopixelport=portb,millis=enabled,bodact=disabled,bodpd=disabled	1.6.7	2416	125	1	false	0	0		0	
2020-02-10 06:07:56	297	297.158	https://travis-ci.org/SpenceKonde/ATTinyCore/jobs/648224001	push	false	false	master	a664aff78e5a2462cedc97be8efa13f06c2cc11c	63034b98c00e...a664aff78e5a	Remove pulseIntLong when millis disabled	/home/travis/Arduino/hardware/ATTinyCore/avr/libraries/EEPROM/examples/eeprom_clear/eeprom_clear.ino	ATTinyCore:avr:attiny1634:LTO=disable,clock=16external,eesave=aenable,bod=1v8,neopixelport=portb,millis=enabled,bodact=disabled,bodpd=disabled	1.6.7	872	9	1	false	0	0		0	
2020-02-10 06:07:59	297	297.158	https://travis-ci.org/SpenceKonde/ATTinyCore/jobs/648224001	push	false	false	master	a664aff78e5a2462cedc97be8efa13f06c2cc11c	63034b98c00e...a664aff78e5a	Remove pulseIntLong when millis disabled	/home/travis/Arduino/hardware/ATTinyCore/avr/libraries/EEPROM/examples/eeprom_write/eeprom_write.ino	ATTinyCore:avr:attiny1634:LTO=disable,clock=16external,eesave=aenable,bod=1v8,neopixelport=portb,millis=enabled,bodact=disabled,bodpd=disabled	1.6.7	712	12	1	false	0	0		0	
2020-02-10 06:08:03	297	297.158	https://travis-ci.org/SpenceKonde/ATTinyCore/jobs/648224001	push	false	false	master	a664aff78e5a2462cedc97be8efa13f06c2cc11c	63034b98c00e...a664aff78e5a	Remove pulseIntLong when millis disabled	/home/travis/Arduino/hardware/ATTinyCore/avr/libraries/EEPROM/examples/eeprom_iteration/eeprom_iteration.ino	ATTinyCore:avr:attiny1634:LTO=disable,clock=16external,eesave=aenable,bod=1v8,neopixelport=portb,millis=enabled,bodact=disabled,bodpd=disabled	1.6.7	620	9	3	false	0	0		0	
2020-02-10 06:08:07	297	297.158	https://travis-ci.org/SpenceKonde/ATTinyCore/jobs/648224001	push	false	false	master	a664aff78e5a2462cedc97be8efa13f06c2cc11c	63034b98c00e...a664aff78e5a	Remove pulseIntLong when millis disabled	/home/travis/Arduino/hardware/ATTinyCore/avr/libraries/EEPROM/examples/eeprom_update/eeprom_update.ino	ATTinyCore:avr:attiny1634:LTO=disable,clock=16external,eesave=aenable,bod=1v8,neopixelport=portb,millis=enabled,bodact=disabled,bodpd=disabled	1.6.7	762	12	1	false	0	0		0	
2020-02-10 06:08:11	297	297.158	https://travis-ci.org/SpenceKonde/ATTinyCore/jobs/648224001	push	false	false	master	a664aff78e5a2462cedc97be8efa13f06c2cc11c	63034b98c00e...a664aff78e5a	Remove pulseIntLong when millis disabled	/home/travis/Arduino/hardware/ATTinyCore/avr/libraries/EEPROM/examples/eeprom_put/eeprom_put.ino	ATTinyCore:avr:attiny1634:LTO=disable,clock=16external,eesave=aenable,bod=1v8,neopixelport=portb,millis=enabled,bodact=disabled,bodpd=disabled	1.6.7	2186	264	0	false	0	0		0	
2020-02-10 06:08:15	297	297.158	https://travis-ci.org/SpenceKonde/ATTinyCore/jobs/648224001	push	false	false	master	a664aff78e5a2462cedc97be8efa13f06c2cc11c	63034b98c00e...a664aff78e5a	Remove pulseIntLong when millis disabled	/home/travis/Arduino/hardware/ATTinyCore/avr/libraries/ATTinyCore/examples/TemperatureRead/TemperatureRead.ino	ATTinyCore:avr:attiny1634:LTO=disable,clock=16external,eesave=aenable,bod=1v8,neopixelport=portb,millis=enabled,bodact=disabled,bodpd=disabled	1.6.7	2382	127	0	false	0	0		0	
2020-02-10 06:08:19	297	297.158	https://travis-ci.org/SpenceKonde/ATTinyCore/jobs/648224001	push	false	false	master	a664aff78e5a2462cedc97be8efa13f06c2cc11c	63034b98c00e...a664aff78e5a	Remove pulseIntLong when millis disabled	/home/travis/Arduino/hardware/ATTinyCore/avr/libraries/tinyNeoPixel_Static/examples/strandtest/strandtest.ino	ATTinyCore:avr:attiny1634:LTO=disable,clock=16external,eesave=aenable,bod=1v8,neopixelport=portb,millis=enabled,bodact=disabled,bodpd=disabled	1.6.7	2732	208	5	false	0	0		0	
2020-02-10 06:08:23	297	297.158	https://travis-ci.org/SpenceKonde/ATTinyCore/jobs/648224001	push	false	false	master	a664aff78e5a2462cedc97be8efa13f06c2cc11c	63034b98c00e...a664aff78e5a	Remove pulseIntLong when millis disabled	/home/travis/Arduino/hardware/ATTinyCore/avr/libraries/tinyNeoPixel_Static/examples/buttoncycler/buttoncycler.ino	ATTinyCore:avr:attiny1634:LTO=disable,clock=16external,eesave=aenable,bod=1v8,neopixelport=portb,millis=enabled,bodact=disabled,bodpd=disabled	1.6.7	2998	80	5	false	0	0		0	
2020-02-10 06:08:27	297	297.158	https://travis-ci.org/SpenceKonde/ATTinyCore/jobs/648224001	push	false	false	master	a664aff78e5a2462cedc97be8efa13f06c2cc11c	63034b98c00e...a664aff78e5a	Remove pulseIntLong when millis disabled	/home/travis/Arduino/hardware/ATTinyCore/avr/libraries/tinyNeoPixel_Static/examples/simple/simple.ino	ATTinyCore:avr:attiny1634:LTO=disable,clock=16external,eesave=aenable,bod=1v8,neopixelport=portb,millis=enabled,bodact=disabled,bodpd=disabled	1.6.7	1798	78	1	false	0	0		0	
2020-02-10 06:08:30	297	297.158	https://travis-ci.org/SpenceKonde/ATTinyCore/jobs/648224001	push	false	false	master	a664aff78e5a2462cedc97be8efa13f06c2cc11c	63034b98c00e...a664aff78e5a	Remove pulseIntLong when millis disabled	/home/travis/Arduino/hardware/ATTinyCore/avr/libraries/SPI/examples/BarometricPressureSensor/BarometricPressureSensor.ino	ATTinyCore:avr:attiny1634:LTO=disable,clock=16external,eesave=aenable,bod=1v8,neopixelport=portb,millis=enabled,bodact=disabled,bodpd=disabled	1.6.7	7082	175	1	false	0	0		0	
2020-02-10 06:08:34	297	297.158	https://travis-ci.org/SpenceKonde/ATTinyCore/jobs/648224001	push	false	false	master	a664aff78e5a2462cedc97be8efa13f06c2cc11c	63034b98c00e...a664aff78e5a	Remove pulseIntLong when millis disabled	/home/travis/Arduino/hardware/ATTinyCore/avr/libraries/SPI/examples/DigitalPotControl/DigitalPotControl.ino	ATTinyCore:avr:attiny1634:LTO=disable,clock=16external,eesave=aenable,bod=1v8,neopixelport=portb,millis=enabled,bodact=disabled,bodpd=disabled	1.6.7	1436	14	0	false	0	0		0	
2020-02-10 06:08:38	297	297.158	https://travis-ci.org/SpenceKonde/ATTinyCore/jobs/648224001	push	false	false	master	a664aff78e5a2462cedc97be8efa13f06c2cc11c	63034b98c00e...a664aff78e5a	Remove pulseIntLong when millis disabled	/home/travis/Arduino/hardware/ATTinyCore/avr/libraries/Wire/examples/SFRRanger_reader/SFRRanger_reader.ino	ATTinyCore:avr:attiny1634:LTO=disable,clock=16external,eesave=aenable,bod=1v8,neopixelport=portb,millis=enabled,bodact=disabled,bodpd=disabled	1.6.7	3912	171	0	false	0	0		0	
2020-02-10 06:08:42	297	297.158	https://travis-ci.org/SpenceKonde/ATTinyCore/jobs/648224001	push	false	false	master	a664aff78e5a2462cedc97be8efa13f06c2cc11c	63034b98c00e...a664aff78e5a	Remove pulseIntLong when millis disabled	/home/travis/Arduino/hardware/ATTinyCore/avr/libraries/Wire/examples/master_writer/master_writer.ino	ATTinyCore:avr:attiny1634:LTO=disable,clock=16external,eesave=aenable,bod=1v8,neopixelport=portb,millis=enabled,bodact=disabled,bodpd=disabled	1.6.7	1878	65	0	false	0	0		0	
2020-02-10 06:08:46	297	297.158	https://travis-ci.org/SpenceKonde/ATTinyCore/jobs/648224001	push	false	false	master	a664aff78e5a2462cedc97be8efa13f06c2cc11c	63034b98c00e...a664aff78e5a	Remove pulseIntLong when millis disabled	/home/travis/Arduino/hardware/ATTinyCore/avr/libraries/Wire/examples/digital_potentiometer/digital_potentiometer.ino	ATTinyCore:avr:attiny1634:LTO=disable,clock=16external,eesave=aenable,bod=1v8,neopixelport=portb,millis=enabled,bodact=disabled,bodpd=disabled	1.6.7	1776	59	0	false	0	0		0	
2020-02-10 06:08:51	297	297.158	https://travis-ci.org/SpenceKonde/ATTinyCore/jobs/648224001	push	false	false	master	a664aff78e5a2462cedc97be8efa13f06c2cc11c	63034b98c00e...a664aff78e5a	Remove pulseIntLong when millis disabled	/home/travis/Arduino/hardware/ATTinyCore/avr/libraries/Wire/examples/slave_receiver/slave_receiver.ino	ATTinyCore:avr:attiny1634:LTO=disable,clock=16external,eesave=aenable,bod=1v8,neopixelport=portb,millis=enabled,bodact=disabled,bodpd=disabled	1.6.7	3096	167	1	false	0	0		0	
2020-02-10 06:08:55	297	297.158	https://travis-ci.org/SpenceKonde/ATTinyCore/jobs/648224001	push	false	false	master	a664aff78e5a2462cedc97be8efa13f06c2cc11c	63034b98c00e...a664aff78e5a	Remove pulseIntLong when millis disabled	/home/travis/Arduino/hardware/ATTinyCore/avr/libraries/Wire/examples/master_reader/master_reader.ino	ATTinyCore:avr:attiny1634:LTO=disable,clock=16external,eesave=aenable,bod=1v8,neopixelport=portb,millis=enabled,bodact=disabled,bodpd=disabled	1.6.7	3290	169	0	false	0	0		0	
2020-02-10 06:08:59	297	297.158	https://travis-ci.org/SpenceKonde/ATTinyCore/jobs/648224001	push	false	false	master	a664aff78e5a2462cedc97be8efa13f06c2cc11c	63034b98c00e...a664aff78e5a	Remove pulseIntLong when millis disabled	/home/travis/Arduino/hardware/ATTinyCore/avr/libraries/Wire/examples/slave_sender/slave_sender.ino	ATTinyCore:avr:attiny1634:LTO=disable,clock=16external,eesave=aenable,bod=1v8,neopixelport=portb,millis=enabled,bodact=disabled,bodpd=disabled	1.6.7	1508	65	0	false	0	0		0	
2020-02-10 06:09:03	297	297.158	https://travis-ci.org/SpenceKonde/ATTinyCore/jobs/648224001	push	false	false	master	a664aff78e5a2462cedc97be8efa13f06c2cc11c	63034b98c00e...a664aff78e5a	Remove pulseIntLong when millis disabled	/home/travis/Arduino/hardware/ATTinyCore/avr/libraries/Servo_ATTinyCore/examples/Knob/Knob.ino	ATTinyCore:avr:attiny1634:LTO=disable,clock=16external,eesave=aenable,bod=1v8,neopixelport=portb,millis=enabled,bodact=disabled,bodpd=disabled	1.6.7	2814	59	1	false	0	0		0	
2020-02-10 06:09:06	297	297.158	https://travis-ci.org/SpenceKonde/ATTinyCore/jobs/648224001	push	false	false	master	a664aff78e5a2462cedc97be8efa13f06c2cc11c	63034b98c00e...a664aff78e5a	Remove pulseIntLong when millis disabled	/home/travis/Arduino/hardware/ATTinyCore/avr/libraries/Servo_ATTinyCore/examples/Sweep/Sweep.ino	ATTinyCore:avr:attiny1634:LTO=disable,clock=16external,eesave=aenable,bod=1v8,neopixelport=portb,millis=enabled,bodact=disabled,bodpd=disabled	1.6.7	2758	56	1	false	0	0		0	
2020-02-10 06:09:13	297	297.158	https://travis-ci.org/SpenceKonde/ATTinyCore/jobs/648224001	push	false	false	master	a664aff78e5a2462cedc97be8efa13f06c2cc11c	63034b98c00e...a664aff78e5a	Remove pulseIntLong when millis disabled	/home/travis/Arduino/hardware/ATTinyCore/avr/libraries/SoftwareSerial/examples/SoftwareSerialExample/SoftwareSerialExample.ino	ATTinyCore:avr:attiny1634:LTO=disable,clock=16external,eesave=aenable,bod=1v8,neopixelport=portb,millis=enabled,bodact=disabled,bodpd=disabled	1.6.9	3824	265	9	false	0	0		0	
2020-02-10 06:09:17	297	297.158	https://travis-ci.org/SpenceKonde/ATTinyCore/jobs/648224001	push	false	false	master	a664aff78e5a2462cedc97be8efa13f06c2cc11c	63034b98c00e...a664aff78e5a	Remove pulseIntLong when millis disabled	/home/travis/Arduino/hardware/ATTinyCore/avr/libraries/SoftwareSerial/examples/TwoPortReceive/TwoPortReceive.ino	ATTinyCore:avr:attiny1634:LTO=disable,clock=16external,eesave=aenable,bod=1v8,neopixelport=portb,millis=enabled,bodact=disabled,bodpd=disabled	1.6.9	3924	306	9	false	0	0		0	
2020-02-10 06:09:22	297	297.158	https://travis-ci.org/SpenceKonde/ATTinyCore/jobs/648224001	push	false	false	master	a664aff78e5a2462cedc97be8efa13f06c2cc11c	63034b98c00e...a664aff78e5a	Remove pulseIntLong when millis disabled	/home/travis/Arduino/hardware/ATTinyCore/avr/libraries/tinyNeoPixel/examples/strandtest/strandtest.ino	ATTinyCore:avr:attiny1634:LTO=disable,clock=16external,eesave=aenable,bod=1v8,neopixelport=portb,millis=enabled,bodact=disabled,bodpd=disabled	1.6.9	3742	39	0	false	0	0		0	
2020-02-10 06:09:26	297	297.158	https://travis-ci.org/SpenceKonde/ATTinyCore/jobs/648224001	push	false	false	master	a664aff78e5a2462cedc97be8efa13f06c2cc11c	63034b98c00e...a664aff78e5a	Remove pulseIntLong when millis disabled	/home/travis/Arduino/hardware/ATTinyCore/avr/libraries/tinyNeoPixel/examples/buttoncycler/buttoncycler.ino	ATTinyCore:avr:attiny1634:LTO=disable,clock=16external,eesave=aenable,bod=1v8,neopixelport=portb,millis=enabled,bodact=disabled,bodpd=disabled	1.6.9	2776	41	0	false	0	0		0	
2020-02-10 06:09:30	297	297.158	https://travis-ci.org/SpenceKonde/ATTinyCore/jobs/648224001	push	false	false	master	a664aff78e5a2462cedc97be8efa13f06c2cc11c	63034b98c00e...a664aff78e5a	Remove pulseIntLong when millis disabled	/home/travis/Arduino/hardware/ATTinyCore/avr/libraries/tinyNeoPixel/examples/RGBWstrandtest/RGBWstrandtest.ino	ATTinyCore:avr:attiny1634:LTO=disable,clock=16external,eesave=aenable,bod=1v8,neopixelport=portb,millis=enabled,bodact=disabled,bodpd=disabled	1.6.9	6958	410	6	false	0	0		0	
2020-02-10 06:09:34	297	297.158	https://travis-ci.org/SpenceKonde/ATTinyCore/jobs/648224001	push	false	false	master	a664aff78e5a2462cedc97be8efa13f06c2cc11c	63034b98c00e...a664aff78e5a	Remove pulseIntLong when millis disabled	/home/travis/Arduino/hardware/ATTinyCore/avr/libraries/tinyNeoPixel/examples/simple/simple.ino	ATTinyCore:avr:attiny1634:LTO=disable,clock=16external,eesave=aenable,bod=1v8,neopixelport=portb,millis=enabled,bodact=disabled,bodpd=disabled	1.6.9	2776	41	0	false	0	0		0	
2020-02-10 06:09:39	297	297.158	https://travis-ci.org/SpenceKonde/ATTinyCore/jobs/648224001	push	false	false	master	a664aff78e5a2462cedc97be8efa13f06c2cc11c	63034b98c00e...a664aff78e5a	Remove pulseIntLong when millis disabled	/home/travis/Arduino/hardware/ATTinyCore/avr/libraries/Servo/examples/Knob/Knob.ino	ATTinyCore:avr:attiny1634:LTO=disable,clock=16external,eesave=aenable,bod=1v8,neopixelport=portb,millis=enabled,bodact=disabled,bodpd=disabled	1.6.9	2814	59	1	false	0	0		0	
2020-02-10 06:09:43	297	297.158	https://travis-ci.org/SpenceKonde/ATTinyCore/jobs/648224001	push	false	false	master	a664aff78e5a2462cedc97be8efa13f06c2cc11c	63034b98c00e...a664aff78e5a	Remove pulseIntLong when millis disabled	/home/travis/Arduino/hardware/ATTinyCore/avr/libraries/Servo/examples/Sweep/Sweep.ino	ATTinyCore:avr:attiny1634:LTO=disable,clock=16external,eesave=aenable,bod=1v8,neopixelport=portb,millis=enabled,bodact=disabled,bodpd=disabled	1.6.9	2758	56	1	false	0	0		0	
2020-02-10 06:09:47	297	297.158	https://travis-ci.org/SpenceKonde/ATTinyCore/jobs/648224001	push	false	false	master	a664aff78e5a2462cedc97be8efa13f06c2cc11c	63034b98c00e...a664aff78e5a	Remove pulseIntLong when millis disabled	/home/travis/Arduino/hardware/ATTinyCore/avr/libraries/EEPROM/examples/eeprom_get/eeprom_get.ino	ATTinyCore:avr:attiny1634:LTO=disable,clock=16external,eesave=aenable,bod=1v8,neopixelport=portb,millis=enabled,bodact=disabled,bodpd=disabled	1.6.9	4122	192	0	false	0	0		0	
2020-02-10 06:09:51	297	297.158	https://travis-ci.org/SpenceKonde/ATTinyCore/jobs/648224001	push	false	false	master	a664aff78e5a2462cedc97be8efa13f06c2cc11c	63034b98c00e...a664aff78e5a	Remove pulseIntLong when millis disabled	/home/travis/Arduino/hardware/ATTinyCore/avr/libraries/EEPROM/examples/eeprom_crc/eeprom_crc.ino	ATTinyCore:avr:attiny1634:LTO=disable,clock=16external,eesave=aenable,bod=1v8,neopixelport=portb,millis=enabled,bodact=disabled,bodpd=disabled	1.6.9	2526	234	1	false	0	0		0	
2020-02-10 06:09:55	297	297.158	https://travis-ci.org/SpenceKonde/ATTinyCore/jobs/648224001	push	false	false	master	a664aff78e5a2462cedc97be8efa13f06c2cc11c	63034b98c00e...a664aff78e5a	Remove pulseIntLong when millis disabled	/home/travis/Arduino/hardware/ATTinyCore/avr/libraries/EEPROM/examples/eeprom_read/eeprom_read.ino	ATTinyCore:avr:attiny1634:LTO=disable,clock=16external,eesave=aenable,bod=1v8,neopixelport=portb,millis=enabled,bodact=disabled,bodpd=disabled	1.6.9	2416	125	1	false	0	0		0	
2020-02-10 06:10:00	297	297.158	https://travis-ci.org/SpenceKonde/ATTinyCore/jobs/648224001	push	false	false	master	a664aff78e5a2462cedc97be8efa13f06c2cc11c	63034b98c00e...a664aff78e5a	Remove pulseIntLong when millis disabled	/home/travis/Arduino/hardware/ATTinyCore/avr/libraries/EEPROM/examples/eeprom_clear/eeprom_clear.ino	ATTinyCore:avr:attiny1634:LTO=disable,clock=16external,eesave=aenable,bod=1v8,neopixelport=portb,millis=enabled,bodact=disabled,bodpd=disabled	1.6.9	872	9	1	false	0	0		0	
2020-02-10 06:10:04	297	297.158	https://travis-ci.org/SpenceKonde/ATTinyCore/jobs/648224001	push	false	false	master	a664aff78e5a2462cedc97be8efa13f06c2cc11c	63034b98c00e...a664aff78e5a	Remove pulseIntLong when millis disabled	/home/travis/Arduino/hardware/ATTinyCore/avr/libraries/EEPROM/examples/eeprom_write/eeprom_write.ino	ATTinyCore:avr:attiny1634:LTO=disable,clock=16external,eesave=aenable,bod=1v8,neopixelport=portb,millis=enabled,bodact=disabled,bodpd=disabled	1.6.9	712	12	1	false	0	0		0	
2020-02-10 06:10:08	297	297.158	https://travis-ci.org/SpenceKonde/ATTinyCore/jobs/648224001	push	false	false	master	a664aff78e5a2462cedc97be8efa13f06c2cc11c	63034b98c00e...a664aff78e5a	Remove pulseIntLong when millis disabled	/home/travis/Arduino/hardware/ATTinyCore/avr/libraries/EEPROM/examples/eeprom_iteration/eeprom_iteration.ino	ATTinyCore:avr:attiny1634:LTO=disable,clock=16external,eesave=aenable,bod=1v8,neopixelport=portb,millis=enabled,bodact=disabled,bodpd=disabled	1.6.9	620	9	3	false	0	0		0	
2020-02-10 06:10:12	297	297.158	https://travis-ci.org/SpenceKonde/ATTinyCore/jobs/648224001	push	false	false	master	a664aff78e5a2462cedc97be8efa13f06c2cc11c	63034b98c00e...a664aff78e5a	Remove pulseIntLong when millis disabled	/home/travis/Arduino/hardware/ATTinyCore/avr/libraries/EEPROM/examples/eeprom_update/eeprom_update.ino	ATTinyCore:avr:attiny1634:LTO=disable,clock=16external,eesave=aenable,bod=1v8,neopixelport=portb,millis=enabled,bodact=disabled,bodpd=disabled	1.6.9	762	12	1	false	0	0		0	
2020-02-10 06:10:16	297	297.158	https://travis-ci.org/SpenceKonde/ATTinyCore/jobs/648224001	push	false	false	master	a664aff78e5a2462cedc97be8efa13f06c2cc11c	63034b98c00e...a664aff78e5a	Remove pulseIntLong when millis disabled	/home/travis/Arduino/hardware/ATTinyCore/avr/libraries/EEPROM/examples/eeprom_put/eeprom_put.ino	ATTinyCore:avr:attiny1634:LTO=disable,clock=16external,eesave=aenable,bod=1v8,neopixelport=portb,millis=enabled,bodact=disabled,bodpd=disabled	1.6.9	2186	264	0	false	0	0		0	
2020-02-10 06:10:20	297	297.158	https://travis-ci.org/SpenceKonde/ATTinyCore/jobs/648224001	push	false	false	master	a664aff78e5a2462cedc97be8efa13f06c2cc11c	63034b98c00e...a664aff78e5a	Remove pulseIntLong when millis disabled	/home/travis/Arduino/hardware/ATTinyCore/avr/libraries/ATTinyCore/examples/TemperatureRead/TemperatureRead.ino	ATTinyCore:avr:attiny1634:LTO=disable,clock=16external,eesave=aenable,bod=1v8,neopixelport=portb,millis=enabled,bodact=disabled,bodpd=disabled	1.6.9	2382	127	0	false	0	0		0	
2020-02-10 06:10:24	297	297.158	https://travis-ci.org/SpenceKonde/ATTinyCore/jobs/648224001	push	false	false	master	a664aff78e5a2462cedc97be8efa13f06c2cc11c	63034b98c00e...a664aff78e5a	Remove pulseIntLong when millis disabled	/home/travis/Arduino/hardware/ATTinyCore/avr/libraries/tinyNeoPixel_Static/examples/strandtest/strandtest.ino	ATTinyCore:avr:attiny1634:LTO=disable,clock=16external,eesave=aenable,bod=1v8,neopixelport=portb,millis=enabled,bodact=disabled,bodpd=disabled	1.6.9	2732	208	5	false	0	0		0	
2020-02-10 06:10:29	297	297.158	https://travis-ci.org/SpenceKonde/ATTinyCore/jobs/648224001	push	false	false	master	a664aff78e5a2462cedc97be8efa13f06c2cc11c	63034b98c00e...a664aff78e5a	Remove pulseIntLong when millis disabled	/home/travis/Arduino/hardware/ATTinyCore/avr/libraries/tinyNeoPixel_Static/examples/buttoncycler/buttoncycler.ino	ATTinyCore:avr:attiny1634:LTO=disable,clock=16external,eesave=aenable,bod=1v8,neopixelport=portb,millis=enabled,bodact=disabled,bodpd=disabled	1.6.9	2998	80	5	false	0	0		0	
2020-02-10 06:10:33	297	297.158	https://travis-ci.org/SpenceKonde/ATTinyCore/jobs/648224001	push	false	false	master	a664aff78e5a2462cedc97be8efa13f06c2cc11c	63034b98c00e...a664aff78e5a	Remove pulseIntLong when millis disabled	/home/travis/Arduino/hardware/ATTinyCore/avr/libraries/tinyNeoPixel_Static/examples/simple/simple.ino	ATTinyCore:avr:attiny1634:LTO=disable,clock=16external,eesave=aenable,bod=1v8,neopixelport=portb,millis=enabled,bodact=disabled,bodpd=disabled	1.6.9	1798	78	1	false	0	0		0	
2020-02-10 06:10:37	297	297.158	https://travis-ci.org/SpenceKonde/ATTinyCore/jobs/648224001	push	false	false	master	a664aff78e5a2462cedc97be8efa13f06c2cc11c	63034b98c00e...a664aff78e5a	Remove pulseIntLong when millis disabled	/home/travis/Arduino/hardware/ATTinyCore/avr/libraries/SPI/examples/BarometricPressureSensor/BarometricPressureSensor.ino	ATTinyCore:avr:attiny1634:LTO=disable,clock=16external,eesave=aenable,bod=1v8,neopixelport=portb,millis=enabled,bodact=disabled,bodpd=disabled	1.6.9	7082	175	1	false	0	0		0	
2020-02-10 06:10:41	297	297.158	https://travis-ci.org/SpenceKonde/ATTinyCore/jobs/648224001	push	false	false	master	a664aff78e5a2462cedc97be8efa13f06c2cc11c	63034b98c00e...a664aff78e5a	Remove pulseIntLong when millis disabled	/home/travis/Arduino/hardware/ATTinyCore/avr/libraries/SPI/examples/DigitalPotControl/DigitalPotControl.ino	ATTinyCore:avr:attiny1634:LTO=disable,clock=16external,eesave=aenable,bod=1v8,neopixelport=portb,millis=enabled,bodact=disabled,bodpd=disabled	1.6.9	1436	14	0	false	0	0		0	
2020-02-10 06:10:46	297	297.158	https://travis-ci.org/SpenceKonde/ATTinyCore/jobs/648224001	push	false	false	master	a664aff78e5a2462cedc97be8efa13f06c2cc11c	63034b98c00e...a664aff78e5a	Remove pulseIntLong when millis disabled	/home/travis/Arduino/hardware/ATTinyCore/avr/libraries/Wire/examples/SFRRanger_reader/SFRRanger_reader.ino	ATTinyCore:avr:attiny1634:LTO=disable,clock=16external,eesave=aenable,bod=1v8,neopixelport=portb,millis=enabled,bodact=disabled,bodpd=disabled	1.6.9	3912	171	0	false	0	0		0	
2020-02-10 06:10:50	297	297.158	https://travis-ci.org/SpenceKonde/ATTinyCore/jobs/648224001	push	false	false	master	a664aff78e5a2462cedc97be8efa13f06c2cc11c	63034b98c00e...a664aff78e5a	Remove pulseIntLong when millis disabled	/home/travis/Arduino/hardware/ATTinyCore/avr/libraries/Wire/examples/master_writer/master_writer.ino	ATTinyCore:avr:attiny1634:LTO=disable,clock=16external,eesave=aenable,bod=1v8,neopixelport=portb,millis=enabled,bodact=disabled,bodpd=disabled	1.6.9	1878	65	0	false	0	0		0	
2020-02-10 06:10:54	297	297.158	https://travis-ci.org/SpenceKonde/ATTinyCore/jobs/648224001	push	false	false	master	a664aff78e5a2462cedc97be8efa13f06c2cc11c	63034b98c00e...a664aff78e5a	Remove pulseIntLong when millis disabled	/home/travis/Arduino/hardware/ATTinyCore/avr/libraries/Wire/examples/digital_potentiometer/digital_potentiometer.ino	ATTinyCore:avr:attiny1634:LTO=disable,clock=16external,eesave=aenable,bod=1v8,neopixelport=portb,millis=enabled,bodact=disabled,bodpd=disabled	1.6.9	1776	59	0	false	0	0		0	
2020-02-10 06:10:59	297	297.158	https://travis-ci.org/SpenceKonde/ATTinyCore/jobs/648224001	push	false	false	master	a664aff78e5a2462cedc97be8efa13f06c2cc11c	63034b98c00e...a664aff78e5a	Remove pulseIntLong when millis disabled	/home/travis/Arduino/hardware/ATTinyCore/avr/libraries/Wire/examples/slave_receiver/slave_receiver.ino	ATTinyCore:avr:attiny1634:LTO=disable,clock=16external,eesave=aenable,bod=1v8,neopixelport=portb,millis=enabled,bodact=disabled,bodpd=disabled	1.6.9	3096	167	1	false	0	0		0	
2020-02-10 06:11:03	297	297.158	https://travis-ci.org/SpenceKonde/ATTinyCore/jobs/648224001	push	false	false	master	a664aff78e5a2462cedc97be8efa13f06c2cc11c	63034b98c00e...a664aff78e5a	Remove pulseIntLong when millis disabled	/home/travis/Arduino/hardware/ATTinyCore/avr/libraries/Wire/examples/master_reader/master_reader.ino	ATTinyCore:avr:attiny1634:LTO=disable,clock=16external,eesave=aenable,bod=1v8,neopixelport=portb,millis=enabled,bodact=disabled,bodpd=disabled	1.6.9	3290	169	0	false	0	0		0	
2020-02-10 06:11:07	297	297.158	https://travis-ci.org/SpenceKonde/ATTinyCore/jobs/648224001	push	false	false	master	a664aff78e5a2462cedc97be8efa13f06c2cc11c	63034b98c00e...a664aff78e5a	Remove pulseIntLong when millis disabled	/home/travis/Arduino/hardware/ATTinyCore/avr/libraries/Wire/examples/slave_sender/slave_sender.ino	ATTinyCore:avr:attiny1634:LTO=disable,clock=16external,eesave=aenable,bod=1v8,neopixelport=portb,millis=enabled,bodact=disabled,bodpd=disabled	1.6.9	1508	65	0	false	0	0		0	
2020-02-10 06:11:11	297	297.158	https://travis-ci.org/SpenceKonde/ATTinyCore/jobs/648224001	push	false	false	master	a664aff78e5a2462cedc97be8efa13f06c2cc11c	63034b98c00e...a664aff78e5a	Remove pulseIntLong when millis disabled	/home/travis/Arduino/hardware/ATTinyCore/avr/libraries/Servo_ATTinyCore/examples/Knob/Knob.ino	ATTinyCore:avr:attiny1634:LTO=disable,clock=16external,eesave=aenable,bod=1v8,neopixelport=portb,millis=enabled,bodact=disabled,bodpd=disabled	1.6.9	2814	59	1	false	0	0		0	
2020-02-10 06:11:16	297	297.158	https://travis-ci.org/SpenceKonde/ATTinyCore/jobs/648224001	push	false	false	master	a664aff78e5a2462cedc97be8efa13f06c2cc11c	63034b98c00e...a664aff78e5a	Remove pulseIntLong when millis disabled	/home/travis/Arduino/hardware/ATTinyCore/avr/libraries/Servo_ATTinyCore/examples/Sweep/Sweep.ino	ATTinyCore:avr:attiny1634:LTO=disable,clock=16external,eesave=aenable,bod=1v8,neopixelport=portb,millis=enabled,bodact=disabled,bodpd=disabled	1.6.9	2758	56	1	false	0	0		0	
2020-02-10 06:11:23	297	297.158	https://travis-ci.org/SpenceKonde/ATTinyCore/jobs/648224001	push	false	false	master	a664aff78e5a2462cedc97be8efa13f06c2cc11c	63034b98c00e...a664aff78e5a	Remove pulseIntLong when millis disabled	/home/travis/Arduino/hardware/ATTinyCore/avr/libraries/SoftwareSerial/examples/SoftwareSerialExample/SoftwareSerialExample.ino	ATTinyCore:avr:attiny1634:LTO=disable,clock=16external,eesave=aenable,bod=1v8,neopixelport=portb,millis=enabled,bodact=disabled,bodpd=disabled	1.6.13	3720	265	9	false	0	0		0	
2020-02-10 06:11:27	297	297.158	https://travis-ci.org/SpenceKonde/ATTinyCore/jobs/648224001	push	false	false	master	a664aff78e5a2462cedc97be8efa13f06c2cc11c	63034b98c00e...a664aff78e5a	Remove pulseIntLong when millis disabled	/home/travis/Arduino/hardware/ATTinyCore/avr/libraries/SoftwareSerial/examples/TwoPortReceive/TwoPortReceive.ino	ATTinyCore:avr:attiny1634:LTO=disable,clock=16external,eesave=aenable,bod=1v8,neopixelport=portb,millis=enabled,bodact=disabled,bodpd=disabled	1.6.13	3806	306	9	false	0	0		0	
2020-02-10 06:11:32	297	297.158	https://travis-ci.org/SpenceKonde/ATTinyCore/jobs/648224001	push	false	false	master	a664aff78e5a2462cedc97be8efa13f06c2cc11c	63034b98c00e...a664aff78e5a	Remove pulseIntLong when millis disabled	/home/travis/Arduino/hardware/ATTinyCore/avr/libraries/tinyNeoPixel/examples/strandtest/strandtest.ino	ATTinyCore:avr:attiny1634:LTO=disable,clock=16external,eesave=aenable,bod=1v8,neopixelport=portb,millis=enabled,bodact=disabled,bodpd=disabled	1.6.13	3768	39	0	false	0	0		0	
2020-02-10 06:11:36	297	297.158	https://travis-ci.org/SpenceKonde/ATTinyCore/jobs/648224001	push	false	false	master	a664aff78e5a2462cedc97be8efa13f06c2cc11c	63034b98c00e...a664aff78e5a	Remove pulseIntLong when millis disabled	/home/travis/Arduino/hardware/ATTinyCore/avr/libraries/tinyNeoPixel/examples/buttoncycler/buttoncycler.ino	ATTinyCore:avr:attiny1634:LTO=disable,clock=16external,eesave=aenable,bod=1v8,neopixelport=portb,millis=enabled,bodact=disabled,bodpd=disabled	1.6.13	2802	41	0	false	0	0		0	
2020-02-10 06:11:40	297	297.158	https://travis-ci.org/SpenceKonde/ATTinyCore/jobs/648224001	push	false	false	master	a664aff78e5a2462cedc97be8efa13f06c2cc11c	63034b98c00e...a664aff78e5a	Remove pulseIntLong when millis disabled	/home/travis/Arduino/hardware/ATTinyCore/avr/libraries/tinyNeoPixel/examples/RGBWstrandtest/RGBWstrandtest.ino	ATTinyCore:avr:attiny1634:LTO=disable,clock=16external,eesave=aenable,bod=1v8,neopixelport=portb,millis=enabled,bodact=disabled,bodpd=disabled	1.6.13	6958	410	6	false	0	0		0	
2020-02-10 06:11:45	297	297.158	https://travis-ci.org/SpenceKonde/ATTinyCore/jobs/648224001	push	false	false	master	a664aff78e5a2462cedc97be8efa13f06c2cc11c	63034b98c00e...a664aff78e5a	Remove pulseIntLong when millis disabled	/home/travis/Arduino/hardware/ATTinyCore/avr/libraries/tinyNeoPixel/examples/simple/simple.ino	ATTinyCore:avr:attiny1634:LTO=disable,clock=16external,eesave=aenable,bod=1v8,neopixelport=portb,millis=enabled,bodact=disabled,bodpd=disabled	1.6.13	2802	41	0	false	0	0		0	
2020-02-10 06:11:49	297	297.158	https://travis-ci.org/SpenceKonde/ATTinyCore/jobs/648224001	push	false	false	master	a664aff78e5a2462cedc97be8efa13f06c2cc11c	63034b98c00e...a664aff78e5a	Remove pulseIntLong when millis disabled	/home/travis/Arduino/hardware/ATTinyCore/avr/libraries/Servo/examples/Knob/Knob.ino	ATTinyCore:avr:attiny1634:LTO=disable,clock=16external,eesave=aenable,bod=1v8,neopixelport=portb,millis=enabled,bodact=disabled,bodpd=disabled	1.6.13	2788	59	1	false	0	0		0	
2020-02-10 06:11:53	297	297.158	https://travis-ci.org/SpenceKonde/ATTinyCore/jobs/648224001	push	false	false	master	a664aff78e5a2462cedc97be8efa13f06c2cc11c	63034b98c00e...a664aff78e5a	Remove pulseIntLong when millis disabled	/home/travis/Arduino/hardware/ATTinyCore/avr/libraries/Servo/examples/Sweep/Sweep.ino	ATTinyCore:avr:attiny1634:LTO=disable,clock=16external,eesave=aenable,bod=1v8,neopixelport=portb,millis=enabled,bodact=disabled,bodpd=disabled	1.6.13	2734	56	1	false	0	0		0	
2020-02-10 06:11:57	297	297.158	https://travis-ci.org/SpenceKonde/ATTinyCore/jobs/648224001	push	false	false	master	a664aff78e5a2462cedc97be8efa13f06c2cc11c	63034b98c00e...a664aff78e5a	Remove pulseIntLong when millis disabled	/home/travis/Arduino/hardware/ATTinyCore/avr/libraries/EEPROM/examples/eeprom_get/eeprom_get.ino	ATTinyCore:avr:attiny1634:LTO=disable,clock=16external,eesave=aenable,bod=1v8,neopixelport=portb,millis=enabled,bodact=disabled,bodpd=disabled	1.6.13	4078	192	0	false	0	0		0	
2020-02-10 06:12:02	297	297.158	https://travis-ci.org/SpenceKonde/ATTinyCore/jobs/648224001	push	false	false	master	a664aff78e5a2462cedc97be8efa13f06c2cc11c	63034b98c00e...a664aff78e5a	Remove pulseIntLong when millis disabled	/home/travis/Arduino/hardware/ATTinyCore/avr/libraries/EEPROM/examples/eeprom_crc/eeprom_crc.ino	ATTinyCore:avr:attiny1634:LTO=disable,clock=16external,eesave=aenable,bod=1v8,neopixelport=portb,millis=enabled,bodact=disabled,bodpd=disabled	1.6.13	2418	234	1	false	0	0		0	
2020-02-10 06:12:06	297	297.158	https://travis-ci.org/SpenceKonde/ATTinyCore/jobs/648224001	push	false	false	master	a664aff78e5a2462cedc97be8efa13f06c2cc11c	63034b98c00e...a664aff78e5a	Remove pulseIntLong when millis disabled	/home/travis/Arduino/hardware/ATTinyCore/avr/libraries/EEPROM/examples/eeprom_read/eeprom_read.ino	ATTinyCore:avr:attiny1634:LTO=disable,clock=16external,eesave=aenable,bod=1v8,neopixelport=portb,millis=enabled,bodact=disabled,bodpd=disabled	1.6.13	2314	125	1	false	0	0		0	
2020-02-10 06:12:10	297	297.158	https://travis-ci.org/SpenceKonde/ATTinyCore/jobs/648224001	push	false	false	master	a664aff78e5a2462cedc97be8efa13f06c2cc11c	63034b98c00e...a664aff78e5a	Remove pulseIntLong when millis disabled	/home/travis/Arduino/hardware/ATTinyCore/avr/libraries/EEPROM/examples/eeprom_clear/eeprom_clear.ino	ATTinyCore:avr:attiny1634:LTO=disable,clock=16external,eesave=aenable,bod=1v8,neopixelport=portb,millis=enabled,bodact=disabled,bodpd=disabled	1.6.13	854	9	1	false	0	0		0	
2020-02-10 06:12:14	297	297.158	https://travis-ci.org/SpenceKonde/ATTinyCore/jobs/648224001	push	false	false	master	a664aff78e5a2462cedc97be8efa13f06c2cc11c	63034b98c00e...a664aff78e5a	Remove pulseIntLong when millis disabled	/home/travis/Arduino/hardware/ATTinyCore/avr/libraries/EEPROM/examples/eeprom_write/eeprom_write.ino	ATTinyCore:avr:attiny1634:LTO=disable,clock=16external,eesave=aenable,bod=1v8,neopixelport=portb,millis=enabled,bodact=disabled,bodpd=disabled	1.6.13	716	12	1	false	0	0		0	
2020-02-10 06:12:19	297	297.158	https://travis-ci.org/SpenceKonde/ATTinyCore/jobs/648224001	push	false	false	master	a664aff78e5a2462cedc97be8efa13f06c2cc11c	63034b98c00e...a664aff78e5a	Remove pulseIntLong when millis disabled	/home/travis/Arduino/hardware/ATTinyCore/avr/libraries/EEPROM/examples/eeprom_iteration/eeprom_iteration.ino	ATTinyCore:avr:attiny1634:LTO=disable,clock=16external,eesave=aenable,bod=1v8,neopixelport=portb,millis=enabled,bodact=disabled,bodpd=disabled	1.6.13	620	9	3	false	0	0		0	
2020-02-10 06:12:23	297	297.158	https://travis-ci.org/SpenceKonde/ATTinyCore/jobs/648224001	push	false	false	master	a664aff78e5a2462cedc97be8efa13f06c2cc11c	63034b98c00e...a664aff78e5a	Remove pulseIntLong when millis disabled	/home/travis/Arduino/hardware/ATTinyCore/avr/libraries/EEPROM/examples/eeprom_update/eeprom_update.ino	ATTinyCore:avr:attiny1634:LTO=disable,clock=16external,eesave=aenable,bod=1v8,neopixelport=portb,millis=enabled,bodact=disabled,bodpd=disabled	1.6.13	766	12	1	false	0	0		0	
2020-02-10 06:12:27	297	297.158	https://travis-ci.org/SpenceKonde/ATTinyCore/jobs/648224001	push	false	false	master	a664aff78e5a2462cedc97be8efa13f06c2cc11c	63034b98c00e...a664aff78e5a	Remove pulseIntLong when millis disabled	/home/travis/Arduino/hardware/ATTinyCore/avr/libraries/EEPROM/examples/eeprom_put/eeprom_put.ino	ATTinyCore:avr:attiny1634:LTO=disable,clock=16external,eesave=aenable,bod=1v8,neopixelport=portb,millis=enabled,bodact=disabled,bodpd=disabled	1.6.13	2094	264	0	false	0	0		0	
2020-02-10 06:12:31	297	297.158	https://travis-ci.org/SpenceKonde/ATTinyCore/jobs/648224001	push	false	false	master	a664aff78e5a2462cedc97be8efa13f06c2cc11c	63034b98c00e...a664aff78e5a	Remove pulseIntLong when millis disabled	/home/travis/Arduino/hardware/ATTinyCore/avr/libraries/ATTinyCore/examples/TemperatureRead/TemperatureRead.ino	ATTinyCore:avr:attiny1634:LTO=disable,clock=16external,eesave=aenable,bod=1v8,neopixelport=portb,millis=enabled,bodact=disabled,bodpd=disabled	1.6.13	2280	127	0	false	0	0		0	
2020-02-10 06:12:36	297	297.158	https://travis-ci.org/SpenceKonde/ATTinyCore/jobs/648224001	push	false	false	master	a664aff78e5a2462cedc97be8efa13f06c2cc11c	63034b98c00e...a664aff78e5a	Remove pulseIntLong when millis disabled	/home/travis/Arduino/hardware/ATTinyCore/avr/libraries/tinyNeoPixel_Static/examples/strandtest/strandtest.ino	ATTinyCore:avr:attiny1634:LTO=disable,clock=16external,eesave=aenable,bod=1v8,neopixelport=portb,millis=enabled,bodact=disabled,bodpd=disabled	1.6.13	2754	208	5	false	0	0		0	
2020-02-10 06:12:40	297	297.158	https://travis-ci.org/SpenceKonde/ATTinyCore/jobs/648224001	push	false	false	master	a664aff78e5a2462cedc97be8efa13f06c2cc11c	63034b98c00e...a664aff78e5a	Remove pulseIntLong when millis disabled	/home/travis/Arduino/hardware/ATTinyCore/avr/libraries/tinyNeoPixel_Static/examples/buttoncycler/buttoncycler.ino	ATTinyCore:avr:attiny1634:LTO=disable,clock=16external,eesave=aenable,bod=1v8,neopixelport=portb,millis=enabled,bodact=disabled,bodpd=disabled	1.6.13	3016	80	5	false	0	0		0	
2020-02-10 06:12:45	297	297.158	https://travis-ci.org/SpenceKonde/ATTinyCore/jobs/648224001	push	false	false	master	a664aff78e5a2462cedc97be8efa13f06c2cc11c	63034b98c00e...a664aff78e5a	Remove pulseIntLong when millis disabled	/home/travis/Arduino/hardware/ATTinyCore/avr/libraries/tinyNeoPixel_Static/examples/simple/simple.ino	ATTinyCore:avr:attiny1634:LTO=disable,clock=16external,eesave=aenable,bod=1v8,neopixelport=portb,millis=enabled,bodact=disabled,bodpd=disabled	1.6.13	1820	78	1	false	0	0		0	
2020-02-10 06:12:49	297	297.158	https://travis-ci.org/SpenceKonde/ATTinyCore/jobs/648224001	push	false	false	master	a664aff78e5a2462cedc97be8efa13f06c2cc11c	63034b98c00e...a664aff78e5a	Remove pulseIntLong when millis disabled	/home/travis/Arduino/hardware/ATTinyCore/avr/libraries/SPI/examples/BarometricPressureSensor/BarometricPressureSensor.ino	ATTinyCore:avr:attiny1634:LTO=disable,clock=16external,eesave=aenable,bod=1v8,neopixelport=portb,millis=enabled,bodact=disabled,bodpd=disabled	1.6.13	7030	175	1	false	0	0		0	
2020-02-10 06:12:54	297	297.158	https://travis-ci.org/SpenceKonde/ATTinyCore/jobs/648224001	push	false	false	master	a664aff78e5a2462cedc97be8efa13f06c2cc11c	63034b98c00e...a664aff78e5a	Remove pulseIntLong when millis disabled	/home/travis/Arduino/hardware/ATTinyCore/avr/libraries/SPI/examples/DigitalPotControl/DigitalPotControl.ino	ATTinyCore:avr:attiny1634:LTO=disable,clock=16external,eesave=aenable,bod=1v8,neopixelport=portb,millis=enabled,bodact=disabled,bodpd=disabled	1.6.13	1422	14	0	false	0	0		0	
2020-02-10 06:12:58	297	297.158	https://travis-ci.org/SpenceKonde/ATTinyCore/jobs/648224001	push	false	false	master	a664aff78e5a2462cedc97be8efa13f06c2cc11c	63034b98c00e...a664aff78e5a	Remove pulseIntLong when millis disabled	/home/travis/Arduino/hardware/ATTinyCore/avr/libraries/Wire/examples/SFRRanger_reader/SFRRanger_reader.ino	ATTinyCore:avr:attiny1634:LTO=disable,clock=16external,eesave=aenable,bod=1v8,neopixelport=portb,millis=enabled,bodact=disabled,bodpd=disabled	1.6.13	3802	171	0	false	0	0		0	
2020-02-10 06:13:02	297	297.158	https://travis-ci.org/SpenceKonde/ATTinyCore/jobs/648224001	push	false	false	master	a664aff78e5a2462cedc97be8efa13f06c2cc11c	63034b98c00e...a664aff78e5a	Remove pulseIntLong when millis disabled	/home/travis/Arduino/hardware/ATTinyCore/avr/libraries/Wire/examples/master_writer/master_writer.ino	ATTinyCore:avr:attiny1634:LTO=disable,clock=16external,eesave=aenable,bod=1v8,neopixelport=portb,millis=enabled,bodact=disabled,bodpd=disabled	1.6.13	1870	65	0	false	0	0		0	
2020-02-10 06:13:07	297	297.158	https://travis-ci.org/SpenceKonde/ATTinyCore/jobs/648224001	push	false	false	master	a664aff78e5a2462cedc97be8efa13f06c2cc11c	63034b98c00e...a664aff78e5a	Remove pulseIntLong when millis disabled	/home/travis/Arduino/hardware/ATTinyCore/avr/libraries/Wire/examples/digital_potentiometer/digital_potentiometer.ino	ATTinyCore:avr:attiny1634:LTO=disable,clock=16external,eesave=aenable,bod=1v8,neopixelport=portb,millis=enabled,bodact=disabled,bodpd=disabled	1.6.13	1770	59	0	false	0	0		0	
2020-02-10 06:13:11	297	297.158	https://travis-ci.org/SpenceKonde/ATTinyCore/jobs/648224001	push	false	false	master	a664aff78e5a2462cedc97be8efa13f06c2cc11c	63034b98c00e...a664aff78e5a	Remove pulseIntLong when millis disabled	/home/travis/Arduino/hardware/ATTinyCore/avr/libraries/Wire/examples/slave_receiver/slave_receiver.ino	ATTinyCore:avr:attiny1634:LTO=disable,clock=16external,eesave=aenable,bod=1v8,neopixelport=portb,millis=enabled,bodact=disabled,bodpd=disabled	1.6.13	2998	167	1	false	0	0		0	
2020-02-10 06:13:16	297	297.158	https://travis-ci.org/SpenceKonde/ATTinyCore/jobs/648224001	push	false	false	master	a664aff78e5a2462cedc97be8efa13f06c2cc11c	63034b98c00e...a664aff78e5a	Remove pulseIntLong when millis disabled	/home/travis/Arduino/hardware/ATTinyCore/avr/libraries/Wire/examples/master_reader/master_reader.ino	ATTinyCore:avr:attiny1634:LTO=disable,clock=16external,eesave=aenable,bod=1v8,neopixelport=portb,millis=enabled,bodact=disabled,bodpd=disabled	1.6.13	3190	169	0	false	0	0		0	
2020-02-10 06:13:20	297	297.158	https://travis-ci.org/SpenceKonde/ATTinyCore/jobs/648224001	push	false	false	master	a664aff78e5a2462cedc97be8efa13f06c2cc11c	63034b98c00e...a664aff78e5a	Remove pulseIntLong when millis disabled	/home/travis/Arduino/hardware/ATTinyCore/avr/libraries/Wire/examples/slave_sender/slave_sender.ino	ATTinyCore:avr:attiny1634:LTO=disable,clock=16external,eesave=aenable,bod=1v8,neopixelport=portb,millis=enabled,bodact=disabled,bodpd=disabled	1.6.13	1500	65	0	false	0	0		0	
2020-02-10 06:13:24	297	297.158	https://travis-ci.org/SpenceKonde/ATTinyCore/jobs/648224001	push	false	false	master	a664aff78e5a2462cedc97be8efa13f06c2cc11c	63034b98c00e...a664aff78e5a	Remove pulseIntLong when millis disabled	/home/travis/Arduino/hardware/ATTinyCore/avr/libraries/Servo_ATTinyCore/examples/Knob/Knob.ino	ATTinyCore:avr:attiny1634:LTO=disable,clock=16external,eesave=aenable,bod=1v8,neopixelport=portb,millis=enabled,bodact=disabled,bodpd=disabled	1.6.13	2788	59	1	false	0	0		0	
2020-02-10 06:13:29	297	297.158	https://travis-ci.org/SpenceKonde/ATTinyCore/jobs/648224001	push	false	false	master	a664aff78e5a2462cedc97be8efa13f06c2cc11c	63034b98c00e...a664aff78e5a	Remove pulseIntLong when millis disabled	/home/travis/Arduino/hardware/ATTinyCore/avr/libraries/Servo_ATTinyCore/examples/Sweep/Sweep.ino	ATTinyCore:avr:attiny1634:LTO=disable,clock=16external,eesave=aenable,bod=1v8,neopixelport=portb,millis=enabled,bodact=disabled,bodpd=disabled	1.6.13	2734	56	1	false	0	0		0	
2020-02-10 06:13:34	297	297.158	https://travis-ci.org/SpenceKonde/ATTinyCore/jobs/648224001	push	false	false	master	a664aff78e5a2462cedc97be8efa13f06c2cc11c	63034b98c00e...a664aff78e5a	Remove pulseIntLong when millis disabled	/home/travis/Arduino/hardware/ATTinyCore/avr/libraries/SoftwareSerial/examples/SoftwareSerialExample/SoftwareSerialExample.ino	ATTinyCore:avr:attiny1634:LTO=disable,clock=16external,eesave=aenable,bod=1v8,neopixelport=portb,millis=enabled,bodact=disabled,bodpd=disabled	1.8.6	3680	265	9	false	0	0		0	
2020-02-10 06:13:37	297	297.158	https://travis-ci.org/SpenceKonde/ATTinyCore/jobs/648224001	push	false	false	master	a664aff78e5a2462cedc97be8efa13f06c2cc11c	63034b98c00e...a664aff78e5a	Remove pulseIntLong when millis disabled	/home/travis/Arduino/hardware/ATTinyCore/avr/libraries/SoftwareSerial/examples/TwoPortReceive/TwoPortReceive.ino	ATTinyCore:avr:attiny1634:LTO=disable,clock=16external,eesave=aenable,bod=1v8,neopixelport=portb,millis=enabled,bodact=disabled,bodpd=disabled	1.8.6	3766	306	9	false	0	0		0	
2020-02-10 06:13:39	297	297.158	https://travis-ci.org/SpenceKonde/ATTinyCore/jobs/648224001	push	false	false	master	a664aff78e5a2462cedc97be8efa13f06c2cc11c	63034b98c00e...a664aff78e5a	Remove pulseIntLong when millis disabled	/home/travis/Arduino/hardware/ATTinyCore/avr/libraries/tinyNeoPixel/examples/strandtest/strandtest.ino	ATTinyCore:avr:attiny1634:LTO=disable,clock=16external,eesave=aenable,bod=1v8,neopixelport=portb,millis=enabled,bodact=disabled,bodpd=disabled	1.8.6	3720	39	0	false	0	0		0	
2020-02-10 06:13:42	297	297.158	https://travis-ci.org/SpenceKonde/ATTinyCore/jobs/648224001	push	false	false	master	a664aff78e5a2462cedc97be8efa13f06c2cc11c	63034b98c00e...a664aff78e5a	Remove pulseIntLong when millis disabled	/home/travis/Arduino/hardware/ATTinyCore/avr/libraries/tinyNeoPixel/examples/buttoncycler/buttoncycler.ino	ATTinyCore:avr:attiny1634:LTO=disable,clock=16external,eesave=aenable,bod=1v8,neopixelport=portb,millis=enabled,bodact=disabled,bodpd=disabled	1.8.6	2754	41	0	false	0	0		0	
2020-02-10 06:13:45	297	297.158	https://travis-ci.org/SpenceKonde/ATTinyCore/jobs/648224001	push	false	false	master	a664aff78e5a2462cedc97be8efa13f06c2cc11c	63034b98c00e...a664aff78e5a	Remove pulseIntLong when millis disabled	/home/travis/Arduino/hardware/ATTinyCore/avr/libraries/tinyNeoPixel/examples/RGBWstrandtest/RGBWstrandtest.ino	ATTinyCore:avr:attiny1634:LTO=disable,clock=16external,eesave=aenable,bod=1v8,neopixelport=portb,millis=enabled,bodact=disabled,bodpd=disabled	1.8.6	6918	410	6	false	0	0		0	
2020-02-10 06:13:48	297	297.158	https://travis-ci.org/SpenceKonde/ATTinyCore/jobs/648224001	push	false	false	master	a664aff78e5a2462cedc97be8efa13f06c2cc11c	63034b98c00e...a664aff78e5a	Remove pulseIntLong when millis disabled	/home/travis/Arduino/hardware/ATTinyCore/avr/libraries/tinyNeoPixel/examples/simple/simple.ino	ATTinyCore:avr:attiny1634:LTO=disable,clock=16external,eesave=aenable,bod=1v8,neopixelport=portb,millis=enabled,bodact=disabled,bodpd=disabled	1.8.6	2754	41	0	false	0	0		0	
2020-02-10 06:13:51	297	297.158	https://travis-ci.org/SpenceKonde/ATTinyCore/jobs/648224001	push	false	false	master	a664aff78e5a2462cedc97be8efa13f06c2cc11c	63034b98c00e...a664aff78e5a	Remove pulseIntLong when millis disabled	/home/travis/Arduino/hardware/ATTinyCore/avr/libraries/Servo/examples/Knob/Knob.ino	ATTinyCore:avr:attiny1634:LTO=disable,clock=16external,eesave=aenable,bod=1v8,neopixelport=portb,millis=enabled,bodact=disabled,bodpd=disabled	1.8.6	2572	55	1	false	0	0		0	
2020-02-10 06:13:53	297	297.158	https://travis-ci.org/SpenceKonde/ATTinyCore/jobs/648224001	push	false	false	master	a664aff78e5a2462cedc97be8efa13f06c2cc11c	63034b98c00e...a664aff78e5a	Remove pulseIntLong when millis disabled	/home/travis/Arduino/hardware/ATTinyCore/avr/libraries/Servo/examples/Sweep/Sweep.ino	ATTinyCore:avr:attiny1634:LTO=disable,clock=16external,eesave=aenable,bod=1v8,neopixelport=portb,millis=enabled,bodact=disabled,bodpd=disabled	1.8.6	2518	52	1	false	0	0		0	
2020-02-10 06:13:56	297	297.158	https://travis-ci.org/SpenceKonde/ATTinyCore/jobs/648224001	push	false	false	master	a664aff78e5a2462cedc97be8efa13f06c2cc11c	63034b98c00e...a664aff78e5a	Remove pulseIntLong when millis disabled	/home/travis/Arduino/hardware/ATTinyCore/avr/libraries/EEPROM/examples/eeprom_get/eeprom_get.ino	ATTinyCore:avr:attiny1634:LTO=disable,clock=16external,eesave=aenable,bod=1v8,neopixelport=portb,millis=enabled,bodact=disabled,bodpd=disabled	1.8.6	4076	192	0	false	0	0		0	
2020-02-10 06:13:59	297	297.158	https://travis-ci.org/SpenceKonde/ATTinyCore/jobs/648224001	push	false	false	master	a664aff78e5a2462cedc97be8efa13f06c2cc11c	63034b98c00e...a664aff78e5a	Remove pulseIntLong when millis disabled	/home/travis/Arduino/hardware/ATTinyCore/avr/libraries/EEPROM/examples/eeprom_crc/eeprom_crc.ino	ATTinyCore:avr:attiny1634:LTO=disable,clock=16external,eesave=aenable,bod=1v8,neopixelport=portb,millis=enabled,bodact=disabled,bodpd=disabled	1.8.6	2420	234	1	false	0	0		0	
2020-02-10 06:14:01	297	297.158	https://travis-ci.org/SpenceKonde/ATTinyCore/jobs/648224001	push	false	false	master	a664aff78e5a2462cedc97be8efa13f06c2cc11c	63034b98c00e...a664aff78e5a	Remove pulseIntLong when millis disabled	/home/travis/Arduino/hardware/ATTinyCore/avr/libraries/EEPROM/examples/eeprom_read/eeprom_read.ino	ATTinyCore:avr:attiny1634:LTO=disable,clock=16external,eesave=aenable,bod=1v8,neopixelport=portb,millis=enabled,bodact=disabled,bodpd=disabled	1.8.6	2310	125	1	false	0	0		0	
2020-02-10 06:14:04	297	297.158	https://travis-ci.org/SpenceKonde/ATTinyCore/jobs/648224001	push	false	false	master	a664aff78e5a2462cedc97be8efa13f06c2cc11c	63034b98c00e...a664aff78e5a	Remove pulseIntLong when millis disabled	/home/travis/Arduino/hardware/ATTinyCore/avr/libraries/EEPROM/examples/eeprom_clear/eeprom_clear.ino	ATTinyCore:avr:attiny1634:LTO=disable,clock=16external,eesave=aenable,bod=1v8,neopixelport=portb,millis=enabled,bodact=disabled,bodpd=disabled	1.8.6	856	9	1	false	0	0		0	
2020-02-10 06:14:07	297	297.158	https://travis-ci.org/SpenceKonde/ATTinyCore/jobs/648224001	push	false	false	master	a664aff78e5a2462cedc97be8efa13f06c2cc11c	63034b98c00e...a664aff78e5a	Remove pulseIntLong when millis disabled	/home/travis/Arduino/hardware/ATTinyCore/avr/libraries/EEPROM/examples/eeprom_write/eeprom_write.ino	ATTinyCore:avr:attiny1634:LTO=disable,clock=16external,eesave=aenable,bod=1v8,neopixelport=portb,millis=enabled,bodact=disabled,bodpd=disabled	1.8.6	716	12	1	false	0	0		0	
2020-02-10 06:14:09	297	297.158	https://travis-ci.org/SpenceKonde/ATTinyCore/jobs/648224001	push	false	false	master	a664aff78e5a2462cedc97be8efa13f06c2cc11c	63034b98c00e...a664aff78e5a	Remove pulseIntLong when millis disabled	/home/travis/Arduino/hardware/ATTinyCore/avr/libraries/EEPROM/examples/eeprom_iteration/eeprom_iteration.ino	ATTinyCore:avr:attiny1634:LTO=disable,clock=16external,eesave=aenable,bod=1v8,neopixelport=portb,millis=enabled,bodact=disabled,bodpd=disabled	1.8.6	608	9	3	false	0	0		0	
2020-02-10 06:14:12	297	297.158	https://travis-ci.org/SpenceKonde/ATTinyCore/jobs/648224001	push	false	false	master	a664aff78e5a2462cedc97be8efa13f06c2cc11c	63034b98c00e...a664aff78e5a	Remove pulseIntLong when millis disabled	/home/travis/Arduino/hardware/ATTinyCore/avr/libraries/EEPROM/examples/eeprom_update/eeprom_update.ino	ATTinyCore:avr:attiny1634:LTO=disable,clock=16external,eesave=aenable,bod=1v8,neopixelport=portb,millis=enabled,bodact=disabled,bodpd=disabled	1.8.6	766	12	1	false	0	0		0	
2020-02-10 06:14:15	297	297.158	https://travis-ci.org/SpenceKonde/ATTinyCore/jobs/648224001	push	false	false	master	a664aff78e5a2462cedc97be8efa13f06c2cc11c	63034b98c00e...a664aff78e5a	Remove pulseIntLong when millis disabled	/home/travis/Arduino/hardware/ATTinyCore/avr/libraries/EEPROM/examples/eeprom_put/eeprom_put.ino	ATTinyCore:avr:attiny1634:LTO=disable,clock=16external,eesave=aenable,bod=1v8,neopixelport=portb,millis=enabled,bodact=disabled,bodpd=disabled	1.8.6	2070	264	0	false	0	0		0	
2020-02-10 06:14:17	297	297.158	https://travis-ci.org/SpenceKonde/ATTinyCore/jobs/648224001	push	false	false	master	a664aff78e5a2462cedc97be8efa13f06c2cc11c	63034b98c00e...a664aff78e5a	Remove pulseIntLong when millis disabled	/home/travis/Arduino/hardware/ATTinyCore/avr/libraries/ATTinyCore/examples/TemperatureRead/TemperatureRead.ino	ATTinyCore:avr:attiny1634:LTO=disable,clock=16external,eesave=aenable,bod=1v8,neopixelport=portb,millis=enabled,bodact=disabled,bodpd=disabled	1.8.6	2280	127	0	false	0	0		0	
2020-02-10 06:14:20	297	297.158	https://travis-ci.org/SpenceKonde/ATTinyCore/jobs/648224001	push	false	false	master	a664aff78e5a2462cedc97be8efa13f06c2cc11c	63034b98c00e...a664aff78e5a	Remove pulseIntLong when millis disabled	/home/travis/Arduino/hardware/ATTinyCore/avr/libraries/tinyNeoPixel_Static/examples/strandtest/strandtest.ino	ATTinyCore:avr:attiny1634:LTO=disable,clock=16external,eesave=aenable,bod=1v8,neopixelport=portb,millis=enabled,bodact=disabled,bodpd=disabled	1.8.6	2746	208	5	false	0	0		0	
2020-02-10 06:14:23	297	297.158	https://travis-ci.org/SpenceKonde/ATTinyCore/jobs/648224001	push	false	false	master	a664aff78e5a2462cedc97be8efa13f06c2cc11c	63034b98c00e...a664aff78e5a	Remove pulseIntLong when millis disabled	/home/travis/Arduino/hardware/ATTinyCore/avr/libraries/tinyNeoPixel_Static/examples/buttoncycler/buttoncycler.ino	ATTinyCore:avr:attiny1634:LTO=disable,clock=16external,eesave=aenable,bod=1v8,neopixelport=portb,millis=enabled,bodact=disabled,bodpd=disabled	1.8.6	3022	80	5	false	0	0		0	
2020-02-10 06:14:26	297	297.158	https://travis-ci.org/SpenceKonde/ATTinyCore/jobs/648224001	push	false	false	master	a664aff78e5a2462cedc97be8efa13f06c2cc11c	63034b98c00e...a664aff78e5a	Remove pulseIntLong when millis disabled	/home/travis/Arduino/hardware/ATTinyCore/avr/libraries/tinyNeoPixel_Static/examples/simple/simple.ino	ATTinyCore:avr:attiny1634:LTO=disable,clock=16external,eesave=aenable,bod=1v8,neopixelport=portb,millis=enabled,bodact=disabled,bodpd=disabled	1.8.6	1812	78	1	false	0	0		0	
2020-02-10 06:14:29	297	297.158	https://travis-ci.org/SpenceKonde/ATTinyCore/jobs/648224001	push	false	false	master	a664aff78e5a2462cedc97be8efa13f06c2cc11c	63034b98c00e...a664aff78e5a	Remove pulseIntLong when millis disabled	/home/travis/Arduino/hardware/ATTinyCore/avr/libraries/SPI/examples/BarometricPressureSensor/BarometricPressureSensor.ino	ATTinyCore:avr:attiny1634:LTO=disable,clock=16external,eesave=aenable,bod=1v8,neopixelport=portb,millis=enabled,bodact=disabled,bodpd=disabled	1.8.6	6970	175	1	false	0	0		0	
2020-02-10 06:14:31	297	297.158	https://travis-ci.org/SpenceKonde/ATTinyCore/jobs/648224001	push	false	false	master	a664aff78e5a2462cedc97be8efa13f06c2cc11c	63034b98c00e...a664aff78e5a	Remove pulseIntLong when millis disabled	/home/travis/Arduino/hardware/ATTinyCore/avr/libraries/SPI/examples/DigitalPotControl/DigitalPotControl.ino	ATTinyCore:avr:attiny1634:LTO=disable,clock=16external,eesave=aenable,bod=1v8,neopixelport=portb,millis=enabled,bodact=disabled,bodpd=disabled	1.8.6	1410	14	0	false	0	0		0	
2020-02-10 06:14:34	297	297.158	https://travis-ci.org/SpenceKonde/ATTinyCore/jobs/648224001	push	false	false	master	a664aff78e5a2462cedc97be8efa13f06c2cc11c	63034b98c00e...a664aff78e5a	Remove pulseIntLong when millis disabled	/home/travis/Arduino/hardware/ATTinyCore/avr/libraries/Wire/examples/SFRRanger_reader/SFRRanger_reader.ino	ATTinyCore:avr:attiny1634:LTO=disable,clock=16external,eesave=aenable,bod=1v8,neopixelport=portb,millis=enabled,bodact=disabled,bodpd=disabled	1.8.6	3802	171	0	false	0	0		0	
2020-02-10 06:14:37	297	297.158	https://travis-ci.org/SpenceKonde/ATTinyCore/jobs/648224001	push	false	false	master	a664aff78e5a2462cedc97be8efa13f06c2cc11c	63034b98c00e...a664aff78e5a	Remove pulseIntLong when millis disabled	/home/travis/Arduino/hardware/ATTinyCore/avr/libraries/Wire/examples/master_writer/master_writer.ino	ATTinyCore:avr:attiny1634:LTO=disable,clock=16external,eesave=aenable,bod=1v8,neopixelport=portb,millis=enabled,bodact=disabled,bodpd=disabled	1.8.6	1870	65	0	false	0	0		0	
2020-02-10 06:14:40	297	297.158	https://travis-ci.org/SpenceKonde/ATTinyCore/jobs/648224001	push	false	false	master	a664aff78e5a2462cedc97be8efa13f06c2cc11c	63034b98c00e...a664aff78e5a	Remove pulseIntLong when millis disabled	/home/travis/Arduino/hardware/ATTinyCore/avr/libraries/Wire/examples/digital_potentiometer/digital_potentiometer.ino	ATTinyCore:avr:attiny1634:LTO=disable,clock=16external,eesave=aenable,bod=1v8,neopixelport=portb,millis=enabled,bodact=disabled,bodpd=disabled	1.8.6	1770	59	0	false	0	0		0	
2020-02-10 06:14:42	297	297.158	https://travis-ci.org/SpenceKonde/ATTinyCore/jobs/648224001	push	false	false	master	a664aff78e5a2462cedc97be8efa13f06c2cc11c	63034b98c00e...a664aff78e5a	Remove pulseIntLong when millis disabled	/home/travis/Arduino/hardware/ATTinyCore/avr/libraries/Wire/examples/slave_receiver/slave_receiver.ino	ATTinyCore:avr:attiny1634:LTO=disable,clock=16external,eesave=aenable,bod=1v8,neopixelport=portb,millis=enabled,bodact=disabled,bodpd=disabled	1.8.6	2984	167	1	false	0	0		0	
2020-02-10 06:14:45	297	297.158	https://travis-ci.org/SpenceKonde/ATTinyCore/jobs/648224001	push	false	false	master	a664aff78e5a2462cedc97be8efa13f06c2cc11c	63034b98c00e...a664aff78e5a	Remove pulseIntLong when millis disabled	/home/travis/Arduino/hardware/ATTinyCore/avr/libraries/Wire/examples/master_reader/master_reader.ino	ATTinyCore:avr:attiny1634:LTO=disable,clock=16external,eesave=aenable,bod=1v8,neopixelport=portb,millis=enabled,bodact=disabled,bodpd=disabled	1.8.6	3190	169	0	false	0	0		0	
2020-02-10 06:14:48	297	297.158	https://travis-ci.org/SpenceKonde/ATTinyCore/jobs/648224001	push	false	false	master	a664aff78e5a2462cedc97be8efa13f06c2cc11c	63034b98c00e...a664aff78e5a	Remove pulseIntLong when millis disabled	/home/travis/Arduino/hardware/ATTinyCore/avr/libraries/Wire/examples/slave_sender/slave_sender.ino	ATTinyCore:avr:attiny1634:LTO=disable,clock=16external,eesave=aenable,bod=1v8,neopixelport=portb,millis=enabled,bodact=disabled,bodpd=disabled	1.8.6	1486	65	0	false	0	0		0	
2020-02-10 06:14:51	297	297.158	https://travis-ci.org/SpenceKonde/ATTinyCore/jobs/648224001	push	false	false	master	a664aff78e5a2462cedc97be8efa13f06c2cc11c	63034b98c00e...a664aff78e5a	Remove pulseIntLong when millis disabled	/home/travis/Arduino/hardware/ATTinyCore/avr/libraries/Servo_ATTinyCore/examples/Knob/Knob.ino	ATTinyCore:avr:attiny1634:LTO=disable,clock=16external,eesave=aenable,bod=1v8,neopixelport=portb,millis=enabled,bodact=disabled,bodpd=disabled	1.8.6	2572	55	1	false	0	0		0	
2020-02-10 06:14:54	297	297.158	https://travis-ci.org/SpenceKonde/ATTinyCore/jobs/648224001	push	false	false	master	a664aff78e5a2462cedc97be8efa13f06c2cc11c	63034b98c00e...a664aff78e5a	Remove pulseIntLong when millis disabled	/home/travis/Arduino/hardware/ATTinyCore/avr/libraries/Servo_ATTinyCore/examples/Sweep/Sweep.ino	ATTinyCore:avr:attiny1634:LTO=disable,clock=16external,eesave=aenable,bod=1v8,neopixelport=portb,millis=enabled,bodact=disabled,bodpd=disabled	1.8.6	2518	52	1	false	0	0		0	
2020-02-10 06:15:00	297	297.158	https://travis-ci.org/SpenceKonde/ATTinyCore/jobs/648224001	push	false	false	master	a664aff78e5a2462cedc97be8efa13f06c2cc11c	63034b98c00e...a664aff78e5a	Remove pulseIntLong when millis disabled	/home/travis/Arduino/hardware/ATTinyCore/avr/libraries/SoftwareSerial/examples/SoftwareSerialExample/SoftwareSerialExample.ino	ATTinyCore:avr:attiny1634:LTO=disable,clock=16external,eesave=aenable,bod=1v8,neopixelport=portb,millis=enabled,bodact=disabled,bodpd=disabled	1.8.11	3676	265	4	false	0	0		0	
2020-02-10 06:15:03	297	297.158	https://travis-ci.org/SpenceKonde/ATTinyCore/jobs/648224001	push	false	false	master	a664aff78e5a2462cedc97be8efa13f06c2cc11c	63034b98c00e...a664aff78e5a	Remove pulseIntLong when millis disabled	/home/travis/Arduino/hardware/ATTinyCore/avr/libraries/SoftwareSerial/examples/TwoPortReceive/TwoPortReceive.ino	ATTinyCore:avr:attiny1634:LTO=disable,clock=16external,eesave=aenable,bod=1v8,neopixelport=portb,millis=enabled,bodact=disabled,bodpd=disabled	1.8.11	3762	306	4	false	0	0		0	
2020-02-10 06:15:06	297	297.158	https://travis-ci.org/SpenceKonde/ATTinyCore/jobs/648224001	push	false	false	master	a664aff78e5a2462cedc97be8efa13f06c2cc11c	63034b98c00e...a664aff78e5a	Remove pulseIntLong when millis disabled	/home/travis/Arduino/hardware/ATTinyCore/avr/libraries/tinyNeoPixel/examples/strandtest/strandtest.ino	ATTinyCore:avr:attiny1634:LTO=disable,clock=16external,eesave=aenable,bod=1v8,neopixelport=portb,millis=enabled,bodact=disabled,bodpd=disabled	1.8.11	3686	39	0	false	0	0		0	
2020-02-10 06:15:09	297	297.158	https://travis-ci.org/SpenceKonde/ATTinyCore/jobs/648224001	push	false	false	master	a664aff78e5a2462cedc97be8efa13f06c2cc11c	63034b98c00e...a664aff78e5a	Remove pulseIntLong when millis disabled	/home/travis/Arduino/hardware/ATTinyCore/avr/libraries/tinyNeoPixel/examples/buttoncycler/buttoncycler.ino	ATTinyCore:avr:attiny1634:LTO=disable,clock=16external,eesave=aenable,bod=1v8,neopixelport=portb,millis=enabled,bodact=disabled,bodpd=disabled	1.8.11	2740	41	0	false	0	0		0	
2020-02-10 06:15:13	297	297.158	https://travis-ci.org/SpenceKonde/ATTinyCore/jobs/648224001	push	false	false	master	a664aff78e5a2462cedc97be8efa13f06c2cc11c	63034b98c00e...a664aff78e5a	Remove pulseIntLong when millis disabled	/home/travis/Arduino/hardware/ATTinyCore/avr/libraries/tinyNeoPixel/examples/RGBWstrandtest/RGBWstrandtest.ino	ATTinyCore:avr:attiny1634:LTO=disable,clock=16external,eesave=aenable,bod=1v8,neopixelport=portb,millis=enabled,bodact=disabled,bodpd=disabled	1.8.11	6866	410	6	false	0	0		0	
2020-02-10 06:15:16	297	297.158	https://travis-ci.org/SpenceKonde/ATTinyCore/jobs/648224001	push	false	false	master	a664aff78e5a2462cedc97be8efa13f06c2cc11c	63034b98c00e...a664aff78e5a	Remove pulseIntLong when millis disabled	/home/travis/Arduino/hardware/ATTinyCore/avr/libraries/tinyNeoPixel/examples/simple/simple.ino	ATTinyCore:avr:attiny1634:LTO=disable,clock=16external,eesave=aenable,bod=1v8,neopixelport=portb,millis=enabled,bodact=disabled,bodpd=disabled	1.8.11	2740	41	0	false	0	0		0	
2020-02-10 06:15:19	297	297.158	https://travis-ci.org/SpenceKonde/ATTinyCore/jobs/648224001	push	false	false	master	a664aff78e5a2462cedc97be8efa13f06c2cc11c	63034b98c00e...a664aff78e5a	Remove pulseIntLong when millis disabled	/home/travis/Arduino/hardware/ATTinyCore/avr/libraries/Servo/examples/Knob/Knob.ino	ATTinyCore:avr:attiny1634:LTO=disable,clock=16external,eesave=aenable,bod=1v8,neopixelport=portb,millis=enabled,bodact=disabled,bodpd=disabled	1.8.11	2568	55	1	false	0	0		0	
2020-02-10 06:15:22	297	297.158	https://travis-ci.org/SpenceKonde/ATTinyCore/jobs/648224001	push	false	false	master	a664aff78e5a2462cedc97be8efa13f06c2cc11c	63034b98c00e...a664aff78e5a	Remove pulseIntLong when millis disabled	/home/travis/Arduino/hardware/ATTinyCore/avr/libraries/Servo/examples/Sweep/Sweep.ino	ATTinyCore:avr:attiny1634:LTO=disable,clock=16external,eesave=aenable,bod=1v8,neopixelport=portb,millis=enabled,bodact=disabled,bodpd=disabled	1.8.11	2514	52	1	false	0	0		0	
2020-02-10 06:15:25	297	297.158	https://travis-ci.org/SpenceKonde/ATTinyCore/jobs/648224001	push	false	false	master	a664aff78e5a2462cedc97be8efa13f06c2cc11c	63034b98c00e...a664aff78e5a	Remove pulseIntLong when millis disabled	/home/travis/Arduino/hardware/ATTinyCore/avr/libraries/EEPROM/examples/eeprom_get/eeprom_get.ino	ATTinyCore:avr:attiny1634:LTO=disable,clock=16external,eesave=aenable,bod=1v8,neopixelport=portb,millis=enabled,bodact=disabled,bodpd=disabled	1.8.11	4084	192	0	false	0	0		0	
2020-02-10 06:15:28	297	297.158	https://travis-ci.org/SpenceKonde/ATTinyCore/jobs/648224001	push	false	false	master	a664aff78e5a2462cedc97be8efa13f06c2cc11c	63034b98c00e...a664aff78e5a	Remove pulseIntLong when millis disabled	/home/travis/Arduino/hardware/ATTinyCore/avr/libraries/EEPROM/examples/eeprom_crc/eeprom_crc.ino	ATTinyCore:avr:attiny1634:LTO=disable,clock=16external,eesave=aenable,bod=1v8,neopixelport=portb,millis=enabled,bodact=disabled,bodpd=disabled	1.8.11	2418	234	1	false	0	0		0	
2020-02-10 06:15:31	297	297.158	https://travis-ci.org/SpenceKonde/ATTinyCore/jobs/648224001	push	false	false	master	a664aff78e5a2462cedc97be8efa13f06c2cc11c	63034b98c00e...a664aff78e5a	Remove pulseIntLong when millis disabled	/home/travis/Arduino/hardware/ATTinyCore/avr/libraries/EEPROM/examples/eeprom_read/eeprom_read.ino	ATTinyCore:avr:attiny1634:LTO=disable,clock=16external,eesave=aenable,bod=1v8,neopixelport=portb,millis=enabled,bodact=disabled,bodpd=disabled	1.8.11	2306	125	1	false	0	0		0	
2020-02-10 06:15:34	297	297.158	https://travis-ci.org/SpenceKonde/ATTinyCore/jobs/648224001	push	false	false	master	a664aff78e5a2462cedc97be8efa13f06c2cc11c	63034b98c00e...a664aff78e5a	Remove pulseIntLong when millis disabled	/home/travis/Arduino/hardware/ATTinyCore/avr/libraries/EEPROM/examples/eeprom_clear/eeprom_clear.ino	ATTinyCore:avr:attiny1634:LTO=disable,clock=16external,eesave=aenable,bod=1v8,neopixelport=portb,millis=enabled,bodact=disabled,bodpd=disabled	1.8.11	860	9	1	false	0	0		0	
2020-02-10 06:15:37	297	297.158	https://travis-ci.org/SpenceKonde/ATTinyCore/jobs/648224001	push	false	false	master	a664aff78e5a2462cedc97be8efa13f06c2cc11c	63034b98c00e...a664aff78e5a	Remove pulseIntLong when millis disabled	/home/travis/Arduino/hardware/ATTinyCore/avr/libraries/EEPROM/examples/eeprom_write/eeprom_write.ino	ATTinyCore:avr:attiny1634:LTO=disable,clock=16external,eesave=aenable,bod=1v8,neopixelport=portb,millis=enabled,bodact=disabled,bodpd=disabled	1.8.11	716	12	1	false	0	0		0	
2020-02-10 06:15:40	297	297.158	https://travis-ci.org/SpenceKonde/ATTinyCore/jobs/648224001	push	false	false	master	a664aff78e5a2462cedc97be8efa13f06c2cc11c	63034b98c00e...a664aff78e5a	Remove pulseIntLong when millis disabled	/home/travis/Arduino/hardware/ATTinyCore/avr/libraries/EEPROM/examples/eeprom_iteration/eeprom_iteration.ino	ATTinyCore:avr:attiny1634:LTO=disable,clock=16external,eesave=aenable,bod=1v8,neopixelport=portb,millis=enabled,bodact=disabled,bodpd=disabled	1.8.11	608	9	3	false	0	0		0	
2020-02-10 06:15:44	297	297.158	https://travis-ci.org/SpenceKonde/ATTinyCore/jobs/648224001	push	false	false	master	a664aff78e5a2462cedc97be8efa13f06c2cc11c	63034b98c00e...a664aff78e5a	Remove pulseIntLong when millis disabled	/home/travis/Arduino/hardware/ATTinyCore/avr/libraries/EEPROM/examples/eeprom_update/eeprom_update.ino	ATTinyCore:avr:attiny1634:LTO=disable,clock=16external,eesave=aenable,bod=1v8,neopixelport=portb,millis=enabled,bodact=disabled,bodpd=disabled	1.8.11	766	12	1	false	0	0		0	
2020-02-10 06:15:47	297	297.158	https://travis-ci.org/SpenceKonde/ATTinyCore/jobs/648224001	push	false	false	master	a664aff78e5a2462cedc97be8efa13f06c2cc11c	63034b98c00e...a664aff78e5a	Remove pulseIntLong when millis disabled	/home/travis/Arduino/hardware/ATTinyCore/avr/libraries/EEPROM/examples/eeprom_put/eeprom_put.ino	ATTinyCore:avr:attiny1634:LTO=disable,clock=16external,eesave=aenable,bod=1v8,neopixelport=portb,millis=enabled,bodact=disabled,bodpd=disabled	1.8.11	2070	264	0	false	0	0		0	
2020-02-10 06:15:50	297	297.158	https://travis-ci.org/SpenceKonde/ATTinyCore/jobs/648224001	push	false	false	master	a664aff78e5a2462cedc97be8efa13f06c2cc11c	63034b98c00e...a664aff78e5a	Remove pulseIntLong when millis disabled	/home/travis/Arduino/hardware/ATTinyCore/avr/libraries/ATTinyCore/examples/TemperatureRead/TemperatureRead.ino	ATTinyCore:avr:attiny1634:LTO=disable,clock=16external,eesave=aenable,bod=1v8,neopixelport=portb,millis=enabled,bodact=disabled,bodpd=disabled	1.8.11	2276	127	0	false	0	0		0	
2020-02-10 06:15:53	297	297.158	https://travis-ci.org/SpenceKonde/ATTinyCore/jobs/648224001	push	false	false	master	a664aff78e5a2462cedc97be8efa13f06c2cc11c	63034b98c00e...a664aff78e5a	Remove pulseIntLong when millis disabled	/home/travis/Arduino/hardware/ATTinyCore/avr/libraries/tinyNeoPixel_Static/examples/strandtest/strandtest.ino	ATTinyCore:avr:attiny1634:LTO=disable,clock=16external,eesave=aenable,bod=1v8,neopixelport=portb,millis=enabled,bodact=disabled,bodpd=disabled	1.8.11	2694	208	5	false	0	0		0	
2020-02-10 06:15:56	297	297.158	https://travis-ci.org/SpenceKonde/ATTinyCore/jobs/648224001	push	false	false	master	a664aff78e5a2462cedc97be8efa13f06c2cc11c	63034b98c00e...a664aff78e5a	Remove pulseIntLong when millis disabled	/home/travis/Arduino/hardware/ATTinyCore/avr/libraries/tinyNeoPixel_Static/examples/buttoncycler/buttoncycler.ino	ATTinyCore:avr:attiny1634:LTO=disable,clock=16external,eesave=aenable,bod=1v8,neopixelport=portb,millis=enabled,bodact=disabled,bodpd=disabled	1.8.11	2958	80	5	false	0	0		0	
2020-02-10 06:15:59	297	297.158	https://travis-ci.org/SpenceKonde/ATTinyCore/jobs/648224001	push	false	false	master	a664aff78e5a2462cedc97be8efa13f06c2cc11c	63034b98c00e...a664aff78e5a	Remove pulseIntLong when millis disabled	/home/travis/Arduino/hardware/ATTinyCore/avr/libraries/tinyNeoPixel_Static/examples/simple/simple.ino	ATTinyCore:avr:attiny1634:LTO=disable,clock=16external,eesave=aenable,bod=1v8,neopixelport=portb,millis=enabled,bodact=disabled,bodpd=disabled	1.8.11	1784	78	1	false	0	0		0	
2020-02-10 06:16:03	297	297.158	https://travis-ci.org/SpenceKonde/ATTinyCore/jobs/648224001	push	false	false	master	a664aff78e5a2462cedc97be8efa13f06c2cc11c	63034b98c00e...a664aff78e5a	Remove pulseIntLong when millis disabled	/home/travis/Arduino/hardware/ATTinyCore/avr/libraries/SPI/examples/BarometricPressureSensor/BarometricPressureSensor.ino	ATTinyCore:avr:attiny1634:LTO=disable,clock=16external,eesave=aenable,bod=1v8,neopixelport=portb,millis=enabled,bodact=disabled,bodpd=disabled	1.8.11	6942	175	1	false	0	0		0	
2020-02-10 06:16:06	297	297.158	https://travis-ci.org/SpenceKonde/ATTinyCore/jobs/648224001	push	false	false	master	a664aff78e5a2462cedc97be8efa13f06c2cc11c	63034b98c00e...a664aff78e5a	Remove pulseIntLong when millis disabled	/home/travis/Arduino/hardware/ATTinyCore/avr/libraries/SPI/examples/DigitalPotControl/DigitalPotControl.ino	ATTinyCore:avr:attiny1634:LTO=disable,clock=16external,eesave=aenable,bod=1v8,neopixelport=portb,millis=enabled,bodact=disabled,bodpd=disabled	1.8.11	1408	14	0	false	0	0		0	
2020-02-10 06:16:09	297	297.158	https://travis-ci.org/SpenceKonde/ATTinyCore/jobs/648224001	push	false	false	master	a664aff78e5a2462cedc97be8efa13f06c2cc11c	63034b98c00e...a664aff78e5a	Remove pulseIntLong when millis disabled	/home/travis/Arduino/hardware/ATTinyCore/avr/libraries/Wire/examples/SFRRanger_reader/SFRRanger_reader.ino	ATTinyCore:avr:attiny1634:LTO=disable,clock=16external,eesave=aenable,bod=1v8,neopixelport=portb,millis=enabled,bodact=disabled,bodpd=disabled	1.8.11	3790	171	1	false	0	0		0	
2020-02-10 06:16:12	297	297.158	https://travis-ci.org/SpenceKonde/ATTinyCore/jobs/648224001	push	false	false	master	a664aff78e5a2462cedc97be8efa13f06c2cc11c	63034b98c00e...a664aff78e5a	Remove pulseIntLong when millis disabled	/home/travis/Arduino/hardware/ATTinyCore/avr/libraries/Wire/examples/master_writer/master_writer.ino	ATTinyCore:avr:attiny1634:LTO=disable,clock=16external,eesave=aenable,bod=1v8,neopixelport=portb,millis=enabled,bodact=disabled,bodpd=disabled	1.8.11	1878	65	1	false	0	0		0	
2020-02-10 06:16:16	297	297.158	https://travis-ci.org/SpenceKonde/ATTinyCore/jobs/648224001	push	false	false	master	a664aff78e5a2462cedc97be8efa13f06c2cc11c	63034b98c00e...a664aff78e5a	Remove pulseIntLong when millis disabled	/home/travis/Arduino/hardware/ATTinyCore/avr/libraries/Wire/examples/digital_potentiometer/digital_potentiometer.ino	ATTinyCore:avr:attiny1634:LTO=disable,clock=16external,eesave=aenable,bod=1v8,neopixelport=portb,millis=enabled,bodact=disabled,bodpd=disabled	1.8.11	1778	59	1	false	0	0		0	
2020-02-10 06:16:19	297	297.158	https://travis-ci.org/SpenceKonde/ATTinyCore/jobs/648224001	push	false	false	master	a664aff78e5a2462cedc97be8efa13f06c2cc11c	63034b98c00e...a664aff78e5a	Remove pulseIntLong when millis disabled	/home/travis/Arduino/hardware/ATTinyCore/avr/libraries/Wire/examples/slave_receiver/slave_receiver.ino	ATTinyCore:avr:attiny1634:LTO=disable,clock=16external,eesave=aenable,bod=1v8,neopixelport=portb,millis=enabled,bodact=disabled,bodpd=disabled	1.8.11	2970	167	2	false	0	0		0	
2020-02-10 06:16:22	297	297.158	https://travis-ci.org/SpenceKonde/ATTinyCore/jobs/648224001	push	false	false	master	a664aff78e5a2462cedc97be8efa13f06c2cc11c	63034b98c00e...a664aff78e5a	Remove pulseIntLong when millis disabled	/home/travis/Arduino/hardware/ATTinyCore/avr/libraries/Wire/examples/master_reader/master_reader.ino	ATTinyCore:avr:attiny1634:LTO=disable,clock=16external,eesave=aenable,bod=1v8,neopixelport=portb,millis=enabled,bodact=disabled,bodpd=disabled	1.8.11	3184	169	1	false	0	0		0	
2020-02-10 06:16:25	297	297.158	https://travis-ci.org/SpenceKonde/ATTinyCore/jobs/648224001	push	false	false	master	a664aff78e5a2462cedc97be8efa13f06c2cc11c	63034b98c00e...a664aff78e5a	Remove pulseIntLong when millis disabled	/home/travis/Arduino/hardware/ATTinyCore/avr/libraries/Wire/examples/slave_sender/slave_sender.ino	ATTinyCore:avr:attiny1634:LTO=disable,clock=16external,eesave=aenable,bod=1v8,neopixelport=portb,millis=enabled,bodact=disabled,bodpd=disabled	1.8.11	1492	65	1	false	0	0		0	
2020-02-10 06:16:29	297	297.158	https://travis-ci.org/SpenceKonde/ATTinyCore/jobs/648224001	push	false	false	master	a664aff78e5a2462cedc97be8efa13f06c2cc11c	63034b98c00e...a664aff78e5a	Remove pulseIntLong when millis disabled	/home/travis/Arduino/hardware/ATTinyCore/avr/libraries/Servo_ATTinyCore/examples/Knob/Knob.ino	ATTinyCore:avr:attiny1634:LTO=disable,clock=16external,eesave=aenable,bod=1v8,neopixelport=portb,millis=enabled,bodact=disabled,bodpd=disabled	1.8.11	2568	55	1	false	0	0		0	
2020-02-10 06:16:32	297	297.158	https://travis-ci.org/SpenceKonde/ATTinyCore/jobs/648224001	push	false	false	master	a664aff78e5a2462cedc97be8efa13f06c2cc11c	63034b98c00e...a664aff78e5a	Remove pulseIntLong when millis disabled	/home/travis/Arduino/hardware/ATTinyCore/avr/libraries/Servo_ATTinyCore/examples/Sweep/Sweep.ino	ATTinyCore:avr:attiny1634:LTO=disable,clock=16external,eesave=aenable,bod=1v8,neopixelport=portb,millis=enabled,bodact=disabled,bodpd=disabled	1.8.11	2514	52	1	false	0	0		0	
