Build Timestamp (UTC)	Build	Job	Job URL	Build Trigger	Allow Job Failure	PR#	Branch	Commit	Commit Range	Commit Message	Sketch Filename	Board ID	IDE Version	Program Storage (bytes)	Dynamic Memory (bytes)	# Warnings	Allow Failure	Exit Status	# Board Issues	Board Issue	# Library Issues	Library Issue
2020-07-22 06:18:42	402	402.163	https://travis-ci.org/SpenceKonde/ATTinyCore/jobs/710611052	push		false	master	d613599a499c21320cf4282dd014f66ea79dbb1c	8db8a46da8c5...d613599a499c	trailing whitespace	/home/travis/Arduino/hardware/ATTinyCore/avr/libraries/SoftwareSerial/examples/SoftwareSerialExample/SoftwareSerialExample.ino	ATTinyCore:avr:attiny1634:LTO=disable,clock=16external,eesave=aenable,bod=1v8,neopixelport=portb,millis=enabled,bodact=disabled,bodpd=disabled	1.6.7	3822	265	9	false	0	0		0	
2020-07-22 06:18:46	402	402.163	https://travis-ci.org/SpenceKonde/ATTinyCore/jobs/710611052	push		false	master	d613599a499c21320cf4282dd014f66ea79dbb1c	8db8a46da8c5...d613599a499c	trailing whitespace	/home/travis/Arduino/hardware/ATTinyCore/avr/libraries/SoftwareSerial/examples/TwoPortReceive/TwoPortReceive.ino	ATTinyCore:avr:attiny1634:LTO=disable,clock=16external,eesave=aenable,bod=1v8,neopixelport=portb,millis=enabled,bodact=disabled,bodpd=disabled	1.6.7	3922	306	9	false	0	0		0	
2020-07-22 06:18:49	402	402.163	https://travis-ci.org/SpenceKonde/ATTinyCore/jobs/710611052	push		false	master	d613599a499c21320cf4282dd014f66ea79dbb1c	8db8a46da8c5...d613599a499c	trailing whitespace	/home/travis/Arduino/hardware/ATTinyCore/avr/libraries/tinyNeoPixel/examples/strandtest/strandtest.ino	ATTinyCore:avr:attiny1634:LTO=disable,clock=16external,eesave=aenable,bod=1v8,neopixelport=portb,millis=enabled,bodact=disabled,bodpd=disabled	1.6.7	3740	39	0	false	0	0		0	
2020-07-22 06:18:53	402	402.163	https://travis-ci.org/SpenceKonde/ATTinyCore/jobs/710611052	push		false	master	d613599a499c21320cf4282dd014f66ea79dbb1c	8db8a46da8c5...d613599a499c	trailing whitespace	/home/travis/Arduino/hardware/ATTinyCore/avr/libraries/tinyNeoPixel/examples/buttoncycler/buttoncycler.ino	ATTinyCore:avr:attiny1634:LTO=disable,clock=16external,eesave=aenable,bod=1v8,neopixelport=portb,millis=enabled,bodact=disabled,bodpd=disabled	1.6.7	2774	41	0	false	0	0		0	
2020-07-22 06:19:06	402	402.163	https://travis-ci.org/SpenceKonde/ATTinyCore/jobs/710611052	push		false	master	d613599a499c21320cf4282dd014f66ea79dbb1c	8db8a46da8c5...d613599a499c	trailing whitespace	/home/travis/Arduino/hardware/ATTinyCore/avr/libraries/tinyNeoPixel/examples/RGBWstrandtest/RGBWstrandtest.ino	ATTinyCore:avr:attiny1634:LTO=disable,clock=16external,eesave=aenable,bod=1v8,neopixelport=portb,millis=enabled,bodact=disabled,bodpd=disabled	1.6.7	6956	410	6	false	0	0		0	
2020-07-22 06:19:09	402	402.163	https://travis-ci.org/SpenceKonde/ATTinyCore/jobs/710611052	push		false	master	d613599a499c21320cf4282dd014f66ea79dbb1c	8db8a46da8c5...d613599a499c	trailing whitespace	/home/travis/Arduino/hardware/ATTinyCore/avr/libraries/tinyNeoPixel/examples/simple/simple.ino	ATTinyCore:avr:attiny1634:LTO=disable,clock=16external,eesave=aenable,bod=1v8,neopixelport=portb,millis=enabled,bodact=disabled,bodpd=disabled	1.6.7	2774	41	0	false	0	0		0	
2020-07-22 06:19:13	402	402.163	https://travis-ci.org/SpenceKonde/ATTinyCore/jobs/710611052	push		false	master	d613599a499c21320cf4282dd014f66ea79dbb1c	8db8a46da8c5...d613599a499c	trailing whitespace	/home/travis/Arduino/hardware/ATTinyCore/avr/libraries/Servo/examples/Knob/Knob.ino	ATTinyCore:avr:attiny1634:LTO=disable,clock=16external,eesave=aenable,bod=1v8,neopixelport=portb,millis=enabled,bodact=disabled,bodpd=disabled	1.6.7	2804	59	2	false	0	0		0	
2020-07-22 06:19:17	402	402.163	https://travis-ci.org/SpenceKonde/ATTinyCore/jobs/710611052	push		false	master	d613599a499c21320cf4282dd014f66ea79dbb1c	8db8a46da8c5...d613599a499c	trailing whitespace	/home/travis/Arduino/hardware/ATTinyCore/avr/libraries/Servo/examples/Sweep/Sweep.ino	ATTinyCore:avr:attiny1634:LTO=disable,clock=16external,eesave=aenable,bod=1v8,neopixelport=portb,millis=enabled,bodact=disabled,bodpd=disabled	1.6.7	2748	56	2	false	0	0		0	
2020-07-22 06:19:21	402	402.163	https://travis-ci.org/SpenceKonde/ATTinyCore/jobs/710611052	push		false	master	d613599a499c21320cf4282dd014f66ea79dbb1c	8db8a46da8c5...d613599a499c	trailing whitespace	/home/travis/Arduino/hardware/ATTinyCore/avr/libraries/EEPROM/examples/eeprom_get/eeprom_get.ino	ATTinyCore:avr:attiny1634:LTO=disable,clock=16external,eesave=aenable,bod=1v8,neopixelport=portb,millis=enabled,bodact=disabled,bodpd=disabled	1.6.7	4120	192	0	false	0	0		0	
2020-07-22 06:19:24	402	402.163	https://travis-ci.org/SpenceKonde/ATTinyCore/jobs/710611052	push		false	master	d613599a499c21320cf4282dd014f66ea79dbb1c	8db8a46da8c5...d613599a499c	trailing whitespace	/home/travis/Arduino/hardware/ATTinyCore/avr/libraries/EEPROM/examples/eeprom_crc/eeprom_crc.ino	ATTinyCore:avr:attiny1634:LTO=disable,clock=16external,eesave=aenable,bod=1v8,neopixelport=portb,millis=enabled,bodact=disabled,bodpd=disabled	1.6.7	2524	234	1	false	0	0		0	
2020-07-22 06:19:28	402	402.163	https://travis-ci.org/SpenceKonde/ATTinyCore/jobs/710611052	push		false	master	d613599a499c21320cf4282dd014f66ea79dbb1c	8db8a46da8c5...d613599a499c	trailing whitespace	/home/travis/Arduino/hardware/ATTinyCore/avr/libraries/EEPROM/examples/eeprom_read/eeprom_read.ino	ATTinyCore:avr:attiny1634:LTO=disable,clock=16external,eesave=aenable,bod=1v8,neopixelport=portb,millis=enabled,bodact=disabled,bodpd=disabled	1.6.7	2414	125	1	false	0	0		0	
2020-07-22 06:19:31	402	402.163	https://travis-ci.org/SpenceKonde/ATTinyCore/jobs/710611052	push		false	master	d613599a499c21320cf4282dd014f66ea79dbb1c	8db8a46da8c5...d613599a499c	trailing whitespace	/home/travis/Arduino/hardware/ATTinyCore/avr/libraries/EEPROM/examples/eeprom_clear/eeprom_clear.ino	ATTinyCore:avr:attiny1634:LTO=disable,clock=16external,eesave=aenable,bod=1v8,neopixelport=portb,millis=enabled,bodact=disabled,bodpd=disabled	1.6.7	870	9	1	false	0	0		0	
2020-07-22 06:19:35	402	402.163	https://travis-ci.org/SpenceKonde/ATTinyCore/jobs/710611052	push		false	master	d613599a499c21320cf4282dd014f66ea79dbb1c	8db8a46da8c5...d613599a499c	trailing whitespace	/home/travis/Arduino/hardware/ATTinyCore/avr/libraries/EEPROM/examples/eeprom_write/eeprom_write.ino	ATTinyCore:avr:attiny1634:LTO=disable,clock=16external,eesave=aenable,bod=1v8,neopixelport=portb,millis=enabled,bodact=disabled,bodpd=disabled	1.6.7	710	12	0	false	0	0		0	
2020-07-22 06:19:39	402	402.163	https://travis-ci.org/SpenceKonde/ATTinyCore/jobs/710611052	push		false	master	d613599a499c21320cf4282dd014f66ea79dbb1c	8db8a46da8c5...d613599a499c	trailing whitespace	/home/travis/Arduino/hardware/ATTinyCore/avr/libraries/EEPROM/examples/eeprom_iteration/eeprom_iteration.ino	ATTinyCore:avr:attiny1634:LTO=disable,clock=16external,eesave=aenable,bod=1v8,neopixelport=portb,millis=enabled,bodact=disabled,bodpd=disabled	1.6.7	618	9	3	false	0	0		0	
2020-07-22 06:19:42	402	402.163	https://travis-ci.org/SpenceKonde/ATTinyCore/jobs/710611052	push		false	master	d613599a499c21320cf4282dd014f66ea79dbb1c	8db8a46da8c5...d613599a499c	trailing whitespace	/home/travis/Arduino/hardware/ATTinyCore/avr/libraries/EEPROM/examples/eeprom_update/eeprom_update.ino	ATTinyCore:avr:attiny1634:LTO=disable,clock=16external,eesave=aenable,bod=1v8,neopixelport=portb,millis=enabled,bodact=disabled,bodpd=disabled	1.6.7	760	12	1	false	0	0		0	
2020-07-22 06:19:46	402	402.163	https://travis-ci.org/SpenceKonde/ATTinyCore/jobs/710611052	push		false	master	d613599a499c21320cf4282dd014f66ea79dbb1c	8db8a46da8c5...d613599a499c	trailing whitespace	/home/travis/Arduino/hardware/ATTinyCore/avr/libraries/EEPROM/examples/eeprom_put/eeprom_put.ino	ATTinyCore:avr:attiny1634:LTO=disable,clock=16external,eesave=aenable,bod=1v8,neopixelport=portb,millis=enabled,bodact=disabled,bodpd=disabled	1.6.7	2184	264	0	false	0	0		0	
2020-07-22 06:19:50	402	402.163	https://travis-ci.org/SpenceKonde/ATTinyCore/jobs/710611052	push		false	master	d613599a499c21320cf4282dd014f66ea79dbb1c	8db8a46da8c5...d613599a499c	trailing whitespace	/home/travis/Arduino/hardware/ATTinyCore/avr/libraries/ATTinyCore/examples/TemperatureRead/TemperatureRead.ino	ATTinyCore:avr:attiny1634:LTO=disable,clock=16external,eesave=aenable,bod=1v8,neopixelport=portb,millis=enabled,bodact=disabled,bodpd=disabled	1.6.7	2380	127	0	false	0	0		0	
2020-07-22 06:19:53	402	402.163	https://travis-ci.org/SpenceKonde/ATTinyCore/jobs/710611052	push		false	master	d613599a499c21320cf4282dd014f66ea79dbb1c	8db8a46da8c5...d613599a499c	trailing whitespace	/home/travis/Arduino/hardware/ATTinyCore/avr/libraries/tinyNeoPixel_Static/examples/strandtest/strandtest.ino	ATTinyCore:avr:attiny1634:LTO=disable,clock=16external,eesave=aenable,bod=1v8,neopixelport=portb,millis=enabled,bodact=disabled,bodpd=disabled	1.6.7	2730	208	5	false	0	0		0	
2020-07-22 06:19:57	402	402.163	https://travis-ci.org/SpenceKonde/ATTinyCore/jobs/710611052	push		false	master	d613599a499c21320cf4282dd014f66ea79dbb1c	8db8a46da8c5...d613599a499c	trailing whitespace	/home/travis/Arduino/hardware/ATTinyCore/avr/libraries/tinyNeoPixel_Static/examples/buttoncycler/buttoncycler.ino	ATTinyCore:avr:attiny1634:LTO=disable,clock=16external,eesave=aenable,bod=1v8,neopixelport=portb,millis=enabled,bodact=disabled,bodpd=disabled	1.6.7	2946	80	5	false	0	0		0	
2020-07-22 06:20:01	402	402.163	https://travis-ci.org/SpenceKonde/ATTinyCore/jobs/710611052	push		false	master	d613599a499c21320cf4282dd014f66ea79dbb1c	8db8a46da8c5...d613599a499c	trailing whitespace	/home/travis/Arduino/hardware/ATTinyCore/avr/libraries/tinyNeoPixel_Static/examples/simple/simple.ino	ATTinyCore:avr:attiny1634:LTO=disable,clock=16external,eesave=aenable,bod=1v8,neopixelport=portb,millis=enabled,bodact=disabled,bodpd=disabled	1.6.7	1796	78	1	false	0	0		0	
2020-07-22 06:20:05	402	402.163	https://travis-ci.org/SpenceKonde/ATTinyCore/jobs/710611052	push		false	master	d613599a499c21320cf4282dd014f66ea79dbb1c	8db8a46da8c5...d613599a499c	trailing whitespace	/home/travis/Arduino/hardware/ATTinyCore/avr/libraries/SPI/examples/BarometricPressureSensor/BarometricPressureSensor.ino	ATTinyCore:avr:attiny1634:LTO=disable,clock=16external,eesave=aenable,bod=1v8,neopixelport=portb,millis=enabled,bodact=disabled,bodpd=disabled	1.6.7	7030	175	1	false	0	0		0	
2020-07-22 06:20:08	402	402.163	https://travis-ci.org/SpenceKonde/ATTinyCore/jobs/710611052	push		false	master	d613599a499c21320cf4282dd014f66ea79dbb1c	8db8a46da8c5...d613599a499c	trailing whitespace	/home/travis/Arduino/hardware/ATTinyCore/avr/libraries/SPI/examples/DigitalPotControl/DigitalPotControl.ino	ATTinyCore:avr:attiny1634:LTO=disable,clock=16external,eesave=aenable,bod=1v8,neopixelport=portb,millis=enabled,bodact=disabled,bodpd=disabled	1.6.7	1434	14	0	false	0	0		0	
2020-07-22 06:20:12	402	402.163	https://travis-ci.org/SpenceKonde/ATTinyCore/jobs/710611052	push		false	master	d613599a499c21320cf4282dd014f66ea79dbb1c	8db8a46da8c5...d613599a499c	trailing whitespace	/home/travis/Arduino/hardware/ATTinyCore/avr/libraries/Wire/examples/SFRRanger_reader/SFRRanger_reader.ino	ATTinyCore:avr:attiny1634:LTO=disable,clock=16external,eesave=aenable,bod=1v8,neopixelport=portb,millis=enabled,bodact=disabled,bodpd=disabled	1.6.7	3910	171	0	false	0	0		0	
2020-07-22 06:20:16	402	402.163	https://travis-ci.org/SpenceKonde/ATTinyCore/jobs/710611052	push		false	master	d613599a499c21320cf4282dd014f66ea79dbb1c	8db8a46da8c5...d613599a499c	trailing whitespace	/home/travis/Arduino/hardware/ATTinyCore/avr/libraries/Wire/examples/master_writer/master_writer.ino	ATTinyCore:avr:attiny1634:LTO=disable,clock=16external,eesave=aenable,bod=1v8,neopixelport=portb,millis=enabled,bodact=disabled,bodpd=disabled	1.6.7	1876	65	0	false	0	0		0	
2020-07-22 06:20:20	402	402.163	https://travis-ci.org/SpenceKonde/ATTinyCore/jobs/710611052	push		false	master	d613599a499c21320cf4282dd014f66ea79dbb1c	8db8a46da8c5...d613599a499c	trailing whitespace	/home/travis/Arduino/hardware/ATTinyCore/avr/libraries/Wire/examples/digital_potentiometer/digital_potentiometer.ino	ATTinyCore:avr:attiny1634:LTO=disable,clock=16external,eesave=aenable,bod=1v8,neopixelport=portb,millis=enabled,bodact=disabled,bodpd=disabled	1.6.7	1774	59	0	false	0	0		0	
2020-07-22 06:20:24	402	402.163	https://travis-ci.org/SpenceKonde/ATTinyCore/jobs/710611052	push		false	master	d613599a499c21320cf4282dd014f66ea79dbb1c	8db8a46da8c5...d613599a499c	trailing whitespace	/home/travis/Arduino/hardware/ATTinyCore/avr/libraries/Wire/examples/slave_receiver/slave_receiver.ino	ATTinyCore:avr:attiny1634:LTO=disable,clock=16external,eesave=aenable,bod=1v8,neopixelport=portb,millis=enabled,bodact=disabled,bodpd=disabled	1.6.7	3106	167	1	false	0	0		0	
2020-07-22 06:20:28	402	402.163	https://travis-ci.org/SpenceKonde/ATTinyCore/jobs/710611052	push		false	master	d613599a499c21320cf4282dd014f66ea79dbb1c	8db8a46da8c5...d613599a499c	trailing whitespace	/home/travis/Arduino/hardware/ATTinyCore/avr/libraries/Wire/examples/master_reader/master_reader.ino	ATTinyCore:avr:attiny1634:LTO=disable,clock=16external,eesave=aenable,bod=1v8,neopixelport=portb,millis=enabled,bodact=disabled,bodpd=disabled	1.6.7	3288	169	0	false	0	0		0	
2020-07-22 06:20:32	402	402.163	https://travis-ci.org/SpenceKonde/ATTinyCore/jobs/710611052	push		false	master	d613599a499c21320cf4282dd014f66ea79dbb1c	8db8a46da8c5...d613599a499c	trailing whitespace	/home/travis/Arduino/hardware/ATTinyCore/avr/libraries/Wire/examples/slave_sender/slave_sender.ino	ATTinyCore:avr:attiny1634:LTO=disable,clock=16external,eesave=aenable,bod=1v8,neopixelport=portb,millis=enabled,bodact=disabled,bodpd=disabled	1.6.7	1518	65	0	false	0	0		0	
2020-07-22 06:20:36	402	402.163	https://travis-ci.org/SpenceKonde/ATTinyCore/jobs/710611052	push		false	master	d613599a499c21320cf4282dd014f66ea79dbb1c	8db8a46da8c5...d613599a499c	trailing whitespace	/home/travis/Arduino/hardware/ATTinyCore/avr/libraries/Servo_ATTinyCore/examples/Knob/Knob.ino	ATTinyCore:avr:attiny1634:LTO=disable,clock=16external,eesave=aenable,bod=1v8,neopixelport=portb,millis=enabled,bodact=disabled,bodpd=disabled	1.6.7	2804	59	2	false	0	0		0	
2020-07-22 06:20:39	402	402.163	https://travis-ci.org/SpenceKonde/ATTinyCore/jobs/710611052	push		false	master	d613599a499c21320cf4282dd014f66ea79dbb1c	8db8a46da8c5...d613599a499c	trailing whitespace	/home/travis/Arduino/hardware/ATTinyCore/avr/libraries/Servo_ATTinyCore/examples/Sweep/Sweep.ino	ATTinyCore:avr:attiny1634:LTO=disable,clock=16external,eesave=aenable,bod=1v8,neopixelport=portb,millis=enabled,bodact=disabled,bodpd=disabled	1.6.7	2748	56	2	false	0	0		0	
2020-07-22 06:20:46	402	402.163	https://travis-ci.org/SpenceKonde/ATTinyCore/jobs/710611052	push		false	master	d613599a499c21320cf4282dd014f66ea79dbb1c	8db8a46da8c5...d613599a499c	trailing whitespace	/home/travis/Arduino/hardware/ATTinyCore/avr/libraries/SoftwareSerial/examples/SoftwareSerialExample/SoftwareSerialExample.ino	ATTinyCore:avr:attiny1634:LTO=disable,clock=16external,eesave=aenable,bod=1v8,neopixelport=portb,millis=enabled,bodact=disabled,bodpd=disabled	1.6.9	3822	265	9	false	0	0		0	
2020-07-22 06:20:50	402	402.163	https://travis-ci.org/SpenceKonde/ATTinyCore/jobs/710611052	push		false	master	d613599a499c21320cf4282dd014f66ea79dbb1c	8db8a46da8c5...d613599a499c	trailing whitespace	/home/travis/Arduino/hardware/ATTinyCore/avr/libraries/SoftwareSerial/examples/TwoPortReceive/TwoPortReceive.ino	ATTinyCore:avr:attiny1634:LTO=disable,clock=16external,eesave=aenable,bod=1v8,neopixelport=portb,millis=enabled,bodact=disabled,bodpd=disabled	1.6.9	3922	306	9	false	0	0		0	
2020-07-22 06:20:54	402	402.163	https://travis-ci.org/SpenceKonde/ATTinyCore/jobs/710611052	push		false	master	d613599a499c21320cf4282dd014f66ea79dbb1c	8db8a46da8c5...d613599a499c	trailing whitespace	/home/travis/Arduino/hardware/ATTinyCore/avr/libraries/tinyNeoPixel/examples/strandtest/strandtest.ino	ATTinyCore:avr:attiny1634:LTO=disable,clock=16external,eesave=aenable,bod=1v8,neopixelport=portb,millis=enabled,bodact=disabled,bodpd=disabled	1.6.9	3740	39	0	false	0	0		0	
2020-07-22 06:20:58	402	402.163	https://travis-ci.org/SpenceKonde/ATTinyCore/jobs/710611052	push		false	master	d613599a499c21320cf4282dd014f66ea79dbb1c	8db8a46da8c5...d613599a499c	trailing whitespace	/home/travis/Arduino/hardware/ATTinyCore/avr/libraries/tinyNeoPixel/examples/buttoncycler/buttoncycler.ino	ATTinyCore:avr:attiny1634:LTO=disable,clock=16external,eesave=aenable,bod=1v8,neopixelport=portb,millis=enabled,bodact=disabled,bodpd=disabled	1.6.9	2774	41	0	false	0	0		0	
2020-07-22 06:21:02	402	402.163	https://travis-ci.org/SpenceKonde/ATTinyCore/jobs/710611052	push		false	master	d613599a499c21320cf4282dd014f66ea79dbb1c	8db8a46da8c5...d613599a499c	trailing whitespace	/home/travis/Arduino/hardware/ATTinyCore/avr/libraries/tinyNeoPixel/examples/RGBWstrandtest/RGBWstrandtest.ino	ATTinyCore:avr:attiny1634:LTO=disable,clock=16external,eesave=aenable,bod=1v8,neopixelport=portb,millis=enabled,bodact=disabled,bodpd=disabled	1.6.9	6956	410	6	false	0	0		0	
2020-07-22 06:21:06	402	402.163	https://travis-ci.org/SpenceKonde/ATTinyCore/jobs/710611052	push		false	master	d613599a499c21320cf4282dd014f66ea79dbb1c	8db8a46da8c5...d613599a499c	trailing whitespace	/home/travis/Arduino/hardware/ATTinyCore/avr/libraries/tinyNeoPixel/examples/simple/simple.ino	ATTinyCore:avr:attiny1634:LTO=disable,clock=16external,eesave=aenable,bod=1v8,neopixelport=portb,millis=enabled,bodact=disabled,bodpd=disabled	1.6.9	2774	41	0	false	0	0		0	
2020-07-22 06:21:10	402	402.163	https://travis-ci.org/SpenceKonde/ATTinyCore/jobs/710611052	push		false	master	d613599a499c21320cf4282dd014f66ea79dbb1c	8db8a46da8c5...d613599a499c	trailing whitespace	/home/travis/Arduino/hardware/ATTinyCore/avr/libraries/Servo/examples/Knob/Knob.ino	ATTinyCore:avr:attiny1634:LTO=disable,clock=16external,eesave=aenable,bod=1v8,neopixelport=portb,millis=enabled,bodact=disabled,bodpd=disabled	1.6.9	2804	59	2	false	0	0		0	
2020-07-22 06:21:14	402	402.163	https://travis-ci.org/SpenceKonde/ATTinyCore/jobs/710611052	push		false	master	d613599a499c21320cf4282dd014f66ea79dbb1c	8db8a46da8c5...d613599a499c	trailing whitespace	/home/travis/Arduino/hardware/ATTinyCore/avr/libraries/Servo/examples/Sweep/Sweep.ino	ATTinyCore:avr:attiny1634:LTO=disable,clock=16external,eesave=aenable,bod=1v8,neopixelport=portb,millis=enabled,bodact=disabled,bodpd=disabled	1.6.9	2748	56	2	false	0	0		0	
2020-07-22 06:21:18	402	402.163	https://travis-ci.org/SpenceKonde/ATTinyCore/jobs/710611052	push		false	master	d613599a499c21320cf4282dd014f66ea79dbb1c	8db8a46da8c5...d613599a499c	trailing whitespace	/home/travis/Arduino/hardware/ATTinyCore/avr/libraries/EEPROM/examples/eeprom_get/eeprom_get.ino	ATTinyCore:avr:attiny1634:LTO=disable,clock=16external,eesave=aenable,bod=1v8,neopixelport=portb,millis=enabled,bodact=disabled,bodpd=disabled	1.6.9	4120	192	0	false	0	0		0	
2020-07-22 06:21:22	402	402.163	https://travis-ci.org/SpenceKonde/ATTinyCore/jobs/710611052	push		false	master	d613599a499c21320cf4282dd014f66ea79dbb1c	8db8a46da8c5...d613599a499c	trailing whitespace	/home/travis/Arduino/hardware/ATTinyCore/avr/libraries/EEPROM/examples/eeprom_crc/eeprom_crc.ino	ATTinyCore:avr:attiny1634:LTO=disable,clock=16external,eesave=aenable,bod=1v8,neopixelport=portb,millis=enabled,bodact=disabled,bodpd=disabled	1.6.9	2524	234	1	false	0	0		0	
2020-07-22 06:21:26	402	402.163	https://travis-ci.org/SpenceKonde/ATTinyCore/jobs/710611052	push		false	master	d613599a499c21320cf4282dd014f66ea79dbb1c	8db8a46da8c5...d613599a499c	trailing whitespace	/home/travis/Arduino/hardware/ATTinyCore/avr/libraries/EEPROM/examples/eeprom_read/eeprom_read.ino	ATTinyCore:avr:attiny1634:LTO=disable,clock=16external,eesave=aenable,bod=1v8,neopixelport=portb,millis=enabled,bodact=disabled,bodpd=disabled	1.6.9	2414	125	1	false	0	0		0	
2020-07-22 06:21:30	402	402.163	https://travis-ci.org/SpenceKonde/ATTinyCore/jobs/710611052	push		false	master	d613599a499c21320cf4282dd014f66ea79dbb1c	8db8a46da8c5...d613599a499c	trailing whitespace	/home/travis/Arduino/hardware/ATTinyCore/avr/libraries/EEPROM/examples/eeprom_clear/eeprom_clear.ino	ATTinyCore:avr:attiny1634:LTO=disable,clock=16external,eesave=aenable,bod=1v8,neopixelport=portb,millis=enabled,bodact=disabled,bodpd=disabled	1.6.9	870	9	1	false	0	0		0	
2020-07-22 06:21:34	402	402.163	https://travis-ci.org/SpenceKonde/ATTinyCore/jobs/710611052	push		false	master	d613599a499c21320cf4282dd014f66ea79dbb1c	8db8a46da8c5...d613599a499c	trailing whitespace	/home/travis/Arduino/hardware/ATTinyCore/avr/libraries/EEPROM/examples/eeprom_write/eeprom_write.ino	ATTinyCore:avr:attiny1634:LTO=disable,clock=16external,eesave=aenable,bod=1v8,neopixelport=portb,millis=enabled,bodact=disabled,bodpd=disabled	1.6.9	710	12	0	false	0	0		0	
2020-07-22 06:21:37	402	402.163	https://travis-ci.org/SpenceKonde/ATTinyCore/jobs/710611052	push		false	master	d613599a499c21320cf4282dd014f66ea79dbb1c	8db8a46da8c5...d613599a499c	trailing whitespace	/home/travis/Arduino/hardware/ATTinyCore/avr/libraries/EEPROM/examples/eeprom_iteration/eeprom_iteration.ino	ATTinyCore:avr:attiny1634:LTO=disable,clock=16external,eesave=aenable,bod=1v8,neopixelport=portb,millis=enabled,bodact=disabled,bodpd=disabled	1.6.9	618	9	3	false	0	0		0	
2020-07-22 06:21:41	402	402.163	https://travis-ci.org/SpenceKonde/ATTinyCore/jobs/710611052	push		false	master	d613599a499c21320cf4282dd014f66ea79dbb1c	8db8a46da8c5...d613599a499c	trailing whitespace	/home/travis/Arduino/hardware/ATTinyCore/avr/libraries/EEPROM/examples/eeprom_update/eeprom_update.ino	ATTinyCore:avr:attiny1634:LTO=disable,clock=16external,eesave=aenable,bod=1v8,neopixelport=portb,millis=enabled,bodact=disabled,bodpd=disabled	1.6.9	760	12	1	false	0	0		0	
2020-07-22 06:21:45	402	402.163	https://travis-ci.org/SpenceKonde/ATTinyCore/jobs/710611052	push		false	master	d613599a499c21320cf4282dd014f66ea79dbb1c	8db8a46da8c5...d613599a499c	trailing whitespace	/home/travis/Arduino/hardware/ATTinyCore/avr/libraries/EEPROM/examples/eeprom_put/eeprom_put.ino	ATTinyCore:avr:attiny1634:LTO=disable,clock=16external,eesave=aenable,bod=1v8,neopixelport=portb,millis=enabled,bodact=disabled,bodpd=disabled	1.6.9	2184	264	0	false	0	0		0	
2020-07-22 06:21:49	402	402.163	https://travis-ci.org/SpenceKonde/ATTinyCore/jobs/710611052	push		false	master	d613599a499c21320cf4282dd014f66ea79dbb1c	8db8a46da8c5...d613599a499c	trailing whitespace	/home/travis/Arduino/hardware/ATTinyCore/avr/libraries/ATTinyCore/examples/TemperatureRead/TemperatureRead.ino	ATTinyCore:avr:attiny1634:LTO=disable,clock=16external,eesave=aenable,bod=1v8,neopixelport=portb,millis=enabled,bodact=disabled,bodpd=disabled	1.6.9	2380	127	0	false	0	0		0	
2020-07-22 06:21:53	402	402.163	https://travis-ci.org/SpenceKonde/ATTinyCore/jobs/710611052	push		false	master	d613599a499c21320cf4282dd014f66ea79dbb1c	8db8a46da8c5...d613599a499c	trailing whitespace	/home/travis/Arduino/hardware/ATTinyCore/avr/libraries/tinyNeoPixel_Static/examples/strandtest/strandtest.ino	ATTinyCore:avr:attiny1634:LTO=disable,clock=16external,eesave=aenable,bod=1v8,neopixelport=portb,millis=enabled,bodact=disabled,bodpd=disabled	1.6.9	2730	208	5	false	0	0		0	
2020-07-22 06:21:57	402	402.163	https://travis-ci.org/SpenceKonde/ATTinyCore/jobs/710611052	push		false	master	d613599a499c21320cf4282dd014f66ea79dbb1c	8db8a46da8c5...d613599a499c	trailing whitespace	/home/travis/Arduino/hardware/ATTinyCore/avr/libraries/tinyNeoPixel_Static/examples/buttoncycler/buttoncycler.ino	ATTinyCore:avr:attiny1634:LTO=disable,clock=16external,eesave=aenable,bod=1v8,neopixelport=portb,millis=enabled,bodact=disabled,bodpd=disabled	1.6.9	2946	80	5	false	0	0		0	
2020-07-22 06:22:01	402	402.163	https://travis-ci.org/SpenceKonde/ATTinyCore/jobs/710611052	push		false	master	d613599a499c21320cf4282dd014f66ea79dbb1c	8db8a46da8c5...d613599a499c	trailing whitespace	/home/travis/Arduino/hardware/ATTinyCore/avr/libraries/tinyNeoPixel_Static/examples/simple/simple.ino	ATTinyCore:avr:attiny1634:LTO=disable,clock=16external,eesave=aenable,bod=1v8,neopixelport=portb,millis=enabled,bodact=disabled,bodpd=disabled	1.6.9	1796	78	1	false	0	0		0	
2020-07-22 06:22:05	402	402.163	https://travis-ci.org/SpenceKonde/ATTinyCore/jobs/710611052	push		false	master	d613599a499c21320cf4282dd014f66ea79dbb1c	8db8a46da8c5...d613599a499c	trailing whitespace	/home/travis/Arduino/hardware/ATTinyCore/avr/libraries/SPI/examples/BarometricPressureSensor/BarometricPressureSensor.ino	ATTinyCore:avr:attiny1634:LTO=disable,clock=16external,eesave=aenable,bod=1v8,neopixelport=portb,millis=enabled,bodact=disabled,bodpd=disabled	1.6.9	7030	175	1	false	0	0		0	
2020-07-22 06:22:09	402	402.163	https://travis-ci.org/SpenceKonde/ATTinyCore/jobs/710611052	push		false	master	d613599a499c21320cf4282dd014f66ea79dbb1c	8db8a46da8c5...d613599a499c	trailing whitespace	/home/travis/Arduino/hardware/ATTinyCore/avr/libraries/SPI/examples/DigitalPotControl/DigitalPotControl.ino	ATTinyCore:avr:attiny1634:LTO=disable,clock=16external,eesave=aenable,bod=1v8,neopixelport=portb,millis=enabled,bodact=disabled,bodpd=disabled	1.6.9	1434	14	0	false	0	0		0	
2020-07-22 06:22:13	402	402.163	https://travis-ci.org/SpenceKonde/ATTinyCore/jobs/710611052	push		false	master	d613599a499c21320cf4282dd014f66ea79dbb1c	8db8a46da8c5...d613599a499c	trailing whitespace	/home/travis/Arduino/hardware/ATTinyCore/avr/libraries/Wire/examples/SFRRanger_reader/SFRRanger_reader.ino	ATTinyCore:avr:attiny1634:LTO=disable,clock=16external,eesave=aenable,bod=1v8,neopixelport=portb,millis=enabled,bodact=disabled,bodpd=disabled	1.6.9	3910	171	0	false	0	0		0	
2020-07-22 06:22:17	402	402.163	https://travis-ci.org/SpenceKonde/ATTinyCore/jobs/710611052	push		false	master	d613599a499c21320cf4282dd014f66ea79dbb1c	8db8a46da8c5...d613599a499c	trailing whitespace	/home/travis/Arduino/hardware/ATTinyCore/avr/libraries/Wire/examples/master_writer/master_writer.ino	ATTinyCore:avr:attiny1634:LTO=disable,clock=16external,eesave=aenable,bod=1v8,neopixelport=portb,millis=enabled,bodact=disabled,bodpd=disabled	1.6.9	1876	65	0	false	0	0		0	
2020-07-22 06:22:21	402	402.163	https://travis-ci.org/SpenceKonde/ATTinyCore/jobs/710611052	push		false	master	d613599a499c21320cf4282dd014f66ea79dbb1c	8db8a46da8c5...d613599a499c	trailing whitespace	/home/travis/Arduino/hardware/ATTinyCore/avr/libraries/Wire/examples/digital_potentiometer/digital_potentiometer.ino	ATTinyCore:avr:attiny1634:LTO=disable,clock=16external,eesave=aenable,bod=1v8,neopixelport=portb,millis=enabled,bodact=disabled,bodpd=disabled	1.6.9	1774	59	0	false	0	0		0	
2020-07-22 06:22:26	402	402.163	https://travis-ci.org/SpenceKonde/ATTinyCore/jobs/710611052	push		false	master	d613599a499c21320cf4282dd014f66ea79dbb1c	8db8a46da8c5...d613599a499c	trailing whitespace	/home/travis/Arduino/hardware/ATTinyCore/avr/libraries/Wire/examples/slave_receiver/slave_receiver.ino	ATTinyCore:avr:attiny1634:LTO=disable,clock=16external,eesave=aenable,bod=1v8,neopixelport=portb,millis=enabled,bodact=disabled,bodpd=disabled	1.6.9	3106	167	1	false	0	0		0	
2020-07-22 06:22:30	402	402.163	https://travis-ci.org/SpenceKonde/ATTinyCore/jobs/710611052	push		false	master	d613599a499c21320cf4282dd014f66ea79dbb1c	8db8a46da8c5...d613599a499c	trailing whitespace	/home/travis/Arduino/hardware/ATTinyCore/avr/libraries/Wire/examples/master_reader/master_reader.ino	ATTinyCore:avr:attiny1634:LTO=disable,clock=16external,eesave=aenable,bod=1v8,neopixelport=portb,millis=enabled,bodact=disabled,bodpd=disabled	1.6.9	3288	169	0	false	0	0		0	
2020-07-22 06:22:34	402	402.163	https://travis-ci.org/SpenceKonde/ATTinyCore/jobs/710611052	push		false	master	d613599a499c21320cf4282dd014f66ea79dbb1c	8db8a46da8c5...d613599a499c	trailing whitespace	/home/travis/Arduino/hardware/ATTinyCore/avr/libraries/Wire/examples/slave_sender/slave_sender.ino	ATTinyCore:avr:attiny1634:LTO=disable,clock=16external,eesave=aenable,bod=1v8,neopixelport=portb,millis=enabled,bodact=disabled,bodpd=disabled	1.6.9	1518	65	0	false	0	0		0	
2020-07-22 06:22:38	402	402.163	https://travis-ci.org/SpenceKonde/ATTinyCore/jobs/710611052	push		false	master	d613599a499c21320cf4282dd014f66ea79dbb1c	8db8a46da8c5...d613599a499c	trailing whitespace	/home/travis/Arduino/hardware/ATTinyCore/avr/libraries/Servo_ATTinyCore/examples/Knob/Knob.ino	ATTinyCore:avr:attiny1634:LTO=disable,clock=16external,eesave=aenable,bod=1v8,neopixelport=portb,millis=enabled,bodact=disabled,bodpd=disabled	1.6.9	2804	59	2	false	0	0		0	
2020-07-22 06:22:42	402	402.163	https://travis-ci.org/SpenceKonde/ATTinyCore/jobs/710611052	push		false	master	d613599a499c21320cf4282dd014f66ea79dbb1c	8db8a46da8c5...d613599a499c	trailing whitespace	/home/travis/Arduino/hardware/ATTinyCore/avr/libraries/Servo_ATTinyCore/examples/Sweep/Sweep.ino	ATTinyCore:avr:attiny1634:LTO=disable,clock=16external,eesave=aenable,bod=1v8,neopixelport=portb,millis=enabled,bodact=disabled,bodpd=disabled	1.6.9	2748	56	2	false	0	0		0	
2020-07-22 06:22:49	402	402.163	https://travis-ci.org/SpenceKonde/ATTinyCore/jobs/710611052	push		false	master	d613599a499c21320cf4282dd014f66ea79dbb1c	8db8a46da8c5...d613599a499c	trailing whitespace	/home/travis/Arduino/hardware/ATTinyCore/avr/libraries/SoftwareSerial/examples/SoftwareSerialExample/SoftwareSerialExample.ino	ATTinyCore:avr:attiny1634:LTO=disable,clock=16external,eesave=aenable,bod=1v8,neopixelport=portb,millis=enabled,bodact=disabled,bodpd=disabled	1.6.13	3718	265	9	false	0	0		0	
2020-07-22 06:22:53	402	402.163	https://travis-ci.org/SpenceKonde/ATTinyCore/jobs/710611052	push		false	master	d613599a499c21320cf4282dd014f66ea79dbb1c	8db8a46da8c5...d613599a499c	trailing whitespace	/home/travis/Arduino/hardware/ATTinyCore/avr/libraries/SoftwareSerial/examples/TwoPortReceive/TwoPortReceive.ino	ATTinyCore:avr:attiny1634:LTO=disable,clock=16external,eesave=aenable,bod=1v8,neopixelport=portb,millis=enabled,bodact=disabled,bodpd=disabled	1.6.13	3804	306	9	false	0	0		0	
2020-07-22 06:22:57	402	402.163	https://travis-ci.org/SpenceKonde/ATTinyCore/jobs/710611052	push		false	master	d613599a499c21320cf4282dd014f66ea79dbb1c	8db8a46da8c5...d613599a499c	trailing whitespace	/home/travis/Arduino/hardware/ATTinyCore/avr/libraries/tinyNeoPixel/examples/strandtest/strandtest.ino	ATTinyCore:avr:attiny1634:LTO=disable,clock=16external,eesave=aenable,bod=1v8,neopixelport=portb,millis=enabled,bodact=disabled,bodpd=disabled	1.6.13	3766	39	0	false	0	0		0	
2020-07-22 06:23:01	402	402.163	https://travis-ci.org/SpenceKonde/ATTinyCore/jobs/710611052	push		false	master	d613599a499c21320cf4282dd014f66ea79dbb1c	8db8a46da8c5...d613599a499c	trailing whitespace	/home/travis/Arduino/hardware/ATTinyCore/avr/libraries/tinyNeoPixel/examples/buttoncycler/buttoncycler.ino	ATTinyCore:avr:attiny1634:LTO=disable,clock=16external,eesave=aenable,bod=1v8,neopixelport=portb,millis=enabled,bodact=disabled,bodpd=disabled	1.6.13	2800	41	0	false	0	0		0	
2020-07-22 06:23:06	402	402.163	https://travis-ci.org/SpenceKonde/ATTinyCore/jobs/710611052	push		false	master	d613599a499c21320cf4282dd014f66ea79dbb1c	8db8a46da8c5...d613599a499c	trailing whitespace	/home/travis/Arduino/hardware/ATTinyCore/avr/libraries/tinyNeoPixel/examples/RGBWstrandtest/RGBWstrandtest.ino	ATTinyCore:avr:attiny1634:LTO=disable,clock=16external,eesave=aenable,bod=1v8,neopixelport=portb,millis=enabled,bodact=disabled,bodpd=disabled	1.6.13	6956	410	6	false	0	0		0	
2020-07-22 06:23:10	402	402.163	https://travis-ci.org/SpenceKonde/ATTinyCore/jobs/710611052	push		false	master	d613599a499c21320cf4282dd014f66ea79dbb1c	8db8a46da8c5...d613599a499c	trailing whitespace	/home/travis/Arduino/hardware/ATTinyCore/avr/libraries/tinyNeoPixel/examples/simple/simple.ino	ATTinyCore:avr:attiny1634:LTO=disable,clock=16external,eesave=aenable,bod=1v8,neopixelport=portb,millis=enabled,bodact=disabled,bodpd=disabled	1.6.13	2800	41	0	false	0	0		0	
2020-07-22 06:23:14	402	402.163	https://travis-ci.org/SpenceKonde/ATTinyCore/jobs/710611052	push		false	master	d613599a499c21320cf4282dd014f66ea79dbb1c	8db8a46da8c5...d613599a499c	trailing whitespace	/home/travis/Arduino/hardware/ATTinyCore/avr/libraries/Servo/examples/Knob/Knob.ino	ATTinyCore:avr:attiny1634:LTO=disable,clock=16external,eesave=aenable,bod=1v8,neopixelport=portb,millis=enabled,bodact=disabled,bodpd=disabled	1.6.13	2780	59	2	false	0	0		0	
2020-07-22 06:23:18	402	402.163	https://travis-ci.org/SpenceKonde/ATTinyCore/jobs/710611052	push		false	master	d613599a499c21320cf4282dd014f66ea79dbb1c	8db8a46da8c5...d613599a499c	trailing whitespace	/home/travis/Arduino/hardware/ATTinyCore/avr/libraries/Servo/examples/Sweep/Sweep.ino	ATTinyCore:avr:attiny1634:LTO=disable,clock=16external,eesave=aenable,bod=1v8,neopixelport=portb,millis=enabled,bodact=disabled,bodpd=disabled	1.6.13	2726	56	2	false	0	0		0	
2020-07-22 06:23:22	402	402.163	https://travis-ci.org/SpenceKonde/ATTinyCore/jobs/710611052	push		false	master	d613599a499c21320cf4282dd014f66ea79dbb1c	8db8a46da8c5...d613599a499c	trailing whitespace	/home/travis/Arduino/hardware/ATTinyCore/avr/libraries/EEPROM/examples/eeprom_get/eeprom_get.ino	ATTinyCore:avr:attiny1634:LTO=disable,clock=16external,eesave=aenable,bod=1v8,neopixelport=portb,millis=enabled,bodact=disabled,bodpd=disabled	1.6.13	4076	192	0	false	0	0		0	
2020-07-22 06:23:26	402	402.163	https://travis-ci.org/SpenceKonde/ATTinyCore/jobs/710611052	push		false	master	d613599a499c21320cf4282dd014f66ea79dbb1c	8db8a46da8c5...d613599a499c	trailing whitespace	/home/travis/Arduino/hardware/ATTinyCore/avr/libraries/EEPROM/examples/eeprom_crc/eeprom_crc.ino	ATTinyCore:avr:attiny1634:LTO=disable,clock=16external,eesave=aenable,bod=1v8,neopixelport=portb,millis=enabled,bodact=disabled,bodpd=disabled	1.6.13	2416	234	1	false	0	0		0	
2020-07-22 06:23:30	402	402.163	https://travis-ci.org/SpenceKonde/ATTinyCore/jobs/710611052	push		false	master	d613599a499c21320cf4282dd014f66ea79dbb1c	8db8a46da8c5...d613599a499c	trailing whitespace	/home/travis/Arduino/hardware/ATTinyCore/avr/libraries/EEPROM/examples/eeprom_read/eeprom_read.ino	ATTinyCore:avr:attiny1634:LTO=disable,clock=16external,eesave=aenable,bod=1v8,neopixelport=portb,millis=enabled,bodact=disabled,bodpd=disabled	1.6.13	2312	125	1	false	0	0		0	
2020-07-22 06:23:34	402	402.163	https://travis-ci.org/SpenceKonde/ATTinyCore/jobs/710611052	push		false	master	d613599a499c21320cf4282dd014f66ea79dbb1c	8db8a46da8c5...d613599a499c	trailing whitespace	/home/travis/Arduino/hardware/ATTinyCore/avr/libraries/EEPROM/examples/eeprom_clear/eeprom_clear.ino	ATTinyCore:avr:attiny1634:LTO=disable,clock=16external,eesave=aenable,bod=1v8,neopixelport=portb,millis=enabled,bodact=disabled,bodpd=disabled	1.6.13	852	9	1	false	0	0		0	
2020-07-22 06:23:38	402	402.163	https://travis-ci.org/SpenceKonde/ATTinyCore/jobs/710611052	push		false	master	d613599a499c21320cf4282dd014f66ea79dbb1c	8db8a46da8c5...d613599a499c	trailing whitespace	/home/travis/Arduino/hardware/ATTinyCore/avr/libraries/EEPROM/examples/eeprom_write/eeprom_write.ino	ATTinyCore:avr:attiny1634:LTO=disable,clock=16external,eesave=aenable,bod=1v8,neopixelport=portb,millis=enabled,bodact=disabled,bodpd=disabled	1.6.13	714	12	0	false	0	0		0	
2020-07-22 06:23:42	402	402.163	https://travis-ci.org/SpenceKonde/ATTinyCore/jobs/710611052	push		false	master	d613599a499c21320cf4282dd014f66ea79dbb1c	8db8a46da8c5...d613599a499c	trailing whitespace	/home/travis/Arduino/hardware/ATTinyCore/avr/libraries/EEPROM/examples/eeprom_iteration/eeprom_iteration.ino	ATTinyCore:avr:attiny1634:LTO=disable,clock=16external,eesave=aenable,bod=1v8,neopixelport=portb,millis=enabled,bodact=disabled,bodpd=disabled	1.6.13	618	9	3	false	0	0		0	
2020-07-22 06:23:46	402	402.163	https://travis-ci.org/SpenceKonde/ATTinyCore/jobs/710611052	push		false	master	d613599a499c21320cf4282dd014f66ea79dbb1c	8db8a46da8c5...d613599a499c	trailing whitespace	/home/travis/Arduino/hardware/ATTinyCore/avr/libraries/EEPROM/examples/eeprom_update/eeprom_update.ino	ATTinyCore:avr:attiny1634:LTO=disable,clock=16external,eesave=aenable,bod=1v8,neopixelport=portb,millis=enabled,bodact=disabled,bodpd=disabled	1.6.13	764	12	1	false	0	0		0	
2020-07-22 06:23:50	402	402.163	https://travis-ci.org/SpenceKonde/ATTinyCore/jobs/710611052	push		false	master	d613599a499c21320cf4282dd014f66ea79dbb1c	8db8a46da8c5...d613599a499c	trailing whitespace	/home/travis/Arduino/hardware/ATTinyCore/avr/libraries/EEPROM/examples/eeprom_put/eeprom_put.ino	ATTinyCore:avr:attiny1634:LTO=disable,clock=16external,eesave=aenable,bod=1v8,neopixelport=portb,millis=enabled,bodact=disabled,bodpd=disabled	1.6.13	2092	264	0	false	0	0		0	
2020-07-22 06:23:54	402	402.163	https://travis-ci.org/SpenceKonde/ATTinyCore/jobs/710611052	push		false	master	d613599a499c21320cf4282dd014f66ea79dbb1c	8db8a46da8c5...d613599a499c	trailing whitespace	/home/travis/Arduino/hardware/ATTinyCore/avr/libraries/ATTinyCore/examples/TemperatureRead/TemperatureRead.ino	ATTinyCore:avr:attiny1634:LTO=disable,clock=16external,eesave=aenable,bod=1v8,neopixelport=portb,millis=enabled,bodact=disabled,bodpd=disabled	1.6.13	2278	127	0	false	0	0		0	
2020-07-22 06:23:58	402	402.163	https://travis-ci.org/SpenceKonde/ATTinyCore/jobs/710611052	push		false	master	d613599a499c21320cf4282dd014f66ea79dbb1c	8db8a46da8c5...d613599a499c	trailing whitespace	/home/travis/Arduino/hardware/ATTinyCore/avr/libraries/tinyNeoPixel_Static/examples/strandtest/strandtest.ino	ATTinyCore:avr:attiny1634:LTO=disable,clock=16external,eesave=aenable,bod=1v8,neopixelport=portb,millis=enabled,bodact=disabled,bodpd=disabled	1.6.13	2752	208	5	false	0	0		0	
2020-07-22 06:24:03	402	402.163	https://travis-ci.org/SpenceKonde/ATTinyCore/jobs/710611052	push		false	master	d613599a499c21320cf4282dd014f66ea79dbb1c	8db8a46da8c5...d613599a499c	trailing whitespace	/home/travis/Arduino/hardware/ATTinyCore/avr/libraries/tinyNeoPixel_Static/examples/buttoncycler/buttoncycler.ino	ATTinyCore:avr:attiny1634:LTO=disable,clock=16external,eesave=aenable,bod=1v8,neopixelport=portb,millis=enabled,bodact=disabled,bodpd=disabled	1.6.13	2964	80	5	false	0	0		0	
2020-07-22 06:24:07	402	402.163	https://travis-ci.org/SpenceKonde/ATTinyCore/jobs/710611052	push		false	master	d613599a499c21320cf4282dd014f66ea79dbb1c	8db8a46da8c5...d613599a499c	trailing whitespace	/home/travis/Arduino/hardware/ATTinyCore/avr/libraries/tinyNeoPixel_Static/examples/simple/simple.ino	ATTinyCore:avr:attiny1634:LTO=disable,clock=16external,eesave=aenable,bod=1v8,neopixelport=portb,millis=enabled,bodact=disabled,bodpd=disabled	1.6.13	1818	78	1	false	0	0		0	
2020-07-22 06:24:11	402	402.163	https://travis-ci.org/SpenceKonde/ATTinyCore/jobs/710611052	push		false	master	d613599a499c21320cf4282dd014f66ea79dbb1c	8db8a46da8c5...d613599a499c	trailing whitespace	/home/travis/Arduino/hardware/ATTinyCore/avr/libraries/SPI/examples/BarometricPressureSensor/BarometricPressureSensor.ino	ATTinyCore:avr:attiny1634:LTO=disable,clock=16external,eesave=aenable,bod=1v8,neopixelport=portb,millis=enabled,bodact=disabled,bodpd=disabled	1.6.13	6978	175	1	false	0	0		0	
2020-07-22 06:24:15	402	402.163	https://travis-ci.org/SpenceKonde/ATTinyCore/jobs/710611052	push		false	master	d613599a499c21320cf4282dd014f66ea79dbb1c	8db8a46da8c5...d613599a499c	trailing whitespace	/home/travis/Arduino/hardware/ATTinyCore/avr/libraries/SPI/examples/DigitalPotControl/DigitalPotControl.ino	ATTinyCore:avr:attiny1634:LTO=disable,clock=16external,eesave=aenable,bod=1v8,neopixelport=portb,millis=enabled,bodact=disabled,bodpd=disabled	1.6.13	1420	14	0	false	0	0		0	
2020-07-22 06:24:20	402	402.163	https://travis-ci.org/SpenceKonde/ATTinyCore/jobs/710611052	push		false	master	d613599a499c21320cf4282dd014f66ea79dbb1c	8db8a46da8c5...d613599a499c	trailing whitespace	/home/travis/Arduino/hardware/ATTinyCore/avr/libraries/Wire/examples/SFRRanger_reader/SFRRanger_reader.ino	ATTinyCore:avr:attiny1634:LTO=disable,clock=16external,eesave=aenable,bod=1v8,neopixelport=portb,millis=enabled,bodact=disabled,bodpd=disabled	1.6.13	3800	171	0	false	0	0		0	
2020-07-22 06:24:24	402	402.163	https://travis-ci.org/SpenceKonde/ATTinyCore/jobs/710611052	push		false	master	d613599a499c21320cf4282dd014f66ea79dbb1c	8db8a46da8c5...d613599a499c	trailing whitespace	/home/travis/Arduino/hardware/ATTinyCore/avr/libraries/Wire/examples/master_writer/master_writer.ino	ATTinyCore:avr:attiny1634:LTO=disable,clock=16external,eesave=aenable,bod=1v8,neopixelport=portb,millis=enabled,bodact=disabled,bodpd=disabled	1.6.13	1868	65	0	false	0	0		0	
2020-07-22 06:24:28	402	402.163	https://travis-ci.org/SpenceKonde/ATTinyCore/jobs/710611052	push		false	master	d613599a499c21320cf4282dd014f66ea79dbb1c	8db8a46da8c5...d613599a499c	trailing whitespace	/home/travis/Arduino/hardware/ATTinyCore/avr/libraries/Wire/examples/digital_potentiometer/digital_potentiometer.ino	ATTinyCore:avr:attiny1634:LTO=disable,clock=16external,eesave=aenable,bod=1v8,neopixelport=portb,millis=enabled,bodact=disabled,bodpd=disabled	1.6.13	1768	59	0	false	0	0		0	
2020-07-22 06:24:33	402	402.163	https://travis-ci.org/SpenceKonde/ATTinyCore/jobs/710611052	push		false	master	d613599a499c21320cf4282dd014f66ea79dbb1c	8db8a46da8c5...d613599a499c	trailing whitespace	/home/travis/Arduino/hardware/ATTinyCore/avr/libraries/Wire/examples/slave_receiver/slave_receiver.ino	ATTinyCore:avr:attiny1634:LTO=disable,clock=16external,eesave=aenable,bod=1v8,neopixelport=portb,millis=enabled,bodact=disabled,bodpd=disabled	1.6.13	3008	167	1	false	0	0		0	
2020-07-22 06:24:37	402	402.163	https://travis-ci.org/SpenceKonde/ATTinyCore/jobs/710611052	push		false	master	d613599a499c21320cf4282dd014f66ea79dbb1c	8db8a46da8c5...d613599a499c	trailing whitespace	/home/travis/Arduino/hardware/ATTinyCore/avr/libraries/Wire/examples/master_reader/master_reader.ino	ATTinyCore:avr:attiny1634:LTO=disable,clock=16external,eesave=aenable,bod=1v8,neopixelport=portb,millis=enabled,bodact=disabled,bodpd=disabled	1.6.13	3188	169	0	false	0	0		0	
2020-07-22 06:24:41	402	402.163	https://travis-ci.org/SpenceKonde/ATTinyCore/jobs/710611052	push		false	master	d613599a499c21320cf4282dd014f66ea79dbb1c	8db8a46da8c5...d613599a499c	trailing whitespace	/home/travis/Arduino/hardware/ATTinyCore/avr/libraries/Wire/examples/slave_sender/slave_sender.ino	ATTinyCore:avr:attiny1634:LTO=disable,clock=16external,eesave=aenable,bod=1v8,neopixelport=portb,millis=enabled,bodact=disabled,bodpd=disabled	1.6.13	1510	65	0	false	0	0		0	
2020-07-22 06:24:45	402	402.163	https://travis-ci.org/SpenceKonde/ATTinyCore/jobs/710611052	push		false	master	d613599a499c21320cf4282dd014f66ea79dbb1c	8db8a46da8c5...d613599a499c	trailing whitespace	/home/travis/Arduino/hardware/ATTinyCore/avr/libraries/Servo_ATTinyCore/examples/Knob/Knob.ino	ATTinyCore:avr:attiny1634:LTO=disable,clock=16external,eesave=aenable,bod=1v8,neopixelport=portb,millis=enabled,bodact=disabled,bodpd=disabled	1.6.13	2780	59	2	false	0	0		0	
2020-07-22 06:24:49	402	402.163	https://travis-ci.org/SpenceKonde/ATTinyCore/jobs/710611052	push		false	master	d613599a499c21320cf4282dd014f66ea79dbb1c	8db8a46da8c5...d613599a499c	trailing whitespace	/home/travis/Arduino/hardware/ATTinyCore/avr/libraries/Servo_ATTinyCore/examples/Sweep/Sweep.ino	ATTinyCore:avr:attiny1634:LTO=disable,clock=16external,eesave=aenable,bod=1v8,neopixelport=portb,millis=enabled,bodact=disabled,bodpd=disabled	1.6.13	2726	56	2	false	0	0		0	
2020-07-22 06:24:54	402	402.163	https://travis-ci.org/SpenceKonde/ATTinyCore/jobs/710611052	push		false	master	d613599a499c21320cf4282dd014f66ea79dbb1c	8db8a46da8c5...d613599a499c	trailing whitespace	/home/travis/Arduino/hardware/ATTinyCore/avr/libraries/SoftwareSerial/examples/SoftwareSerialExample/SoftwareSerialExample.ino	ATTinyCore:avr:attiny1634:LTO=disable,clock=16external,eesave=aenable,bod=1v8,neopixelport=portb,millis=enabled,bodact=disabled,bodpd=disabled	1.8.6	3678	265	9	false	0	0		0	
2020-07-22 06:24:57	402	402.163	https://travis-ci.org/SpenceKonde/ATTinyCore/jobs/710611052	push		false	master	d613599a499c21320cf4282dd014f66ea79dbb1c	8db8a46da8c5...d613599a499c	trailing whitespace	/home/travis/Arduino/hardware/ATTinyCore/avr/libraries/SoftwareSerial/examples/TwoPortReceive/TwoPortReceive.ino	ATTinyCore:avr:attiny1634:LTO=disable,clock=16external,eesave=aenable,bod=1v8,neopixelport=portb,millis=enabled,bodact=disabled,bodpd=disabled	1.8.6	3764	306	9	false	0	0		0	
2020-07-22 06:24:59	402	402.163	https://travis-ci.org/SpenceKonde/ATTinyCore/jobs/710611052	push		false	master	d613599a499c21320cf4282dd014f66ea79dbb1c	8db8a46da8c5...d613599a499c	trailing whitespace	/home/travis/Arduino/hardware/ATTinyCore/avr/libraries/tinyNeoPixel/examples/strandtest/strandtest.ino	ATTinyCore:avr:attiny1634:LTO=disable,clock=16external,eesave=aenable,bod=1v8,neopixelport=portb,millis=enabled,bodact=disabled,bodpd=disabled	1.8.6	3718	39	0	false	0	0		0	
2020-07-22 06:25:02	402	402.163	https://travis-ci.org/SpenceKonde/ATTinyCore/jobs/710611052	push		false	master	d613599a499c21320cf4282dd014f66ea79dbb1c	8db8a46da8c5...d613599a499c	trailing whitespace	/home/travis/Arduino/hardware/ATTinyCore/avr/libraries/tinyNeoPixel/examples/buttoncycler/buttoncycler.ino	ATTinyCore:avr:attiny1634:LTO=disable,clock=16external,eesave=aenable,bod=1v8,neopixelport=portb,millis=enabled,bodact=disabled,bodpd=disabled	1.8.6	2752	41	0	false	0	0		0	
2020-07-22 06:25:06	402	402.163	https://travis-ci.org/SpenceKonde/ATTinyCore/jobs/710611052	push		false	master	d613599a499c21320cf4282dd014f66ea79dbb1c	8db8a46da8c5...d613599a499c	trailing whitespace	/home/travis/Arduino/hardware/ATTinyCore/avr/libraries/tinyNeoPixel/examples/RGBWstrandtest/RGBWstrandtest.ino	ATTinyCore:avr:attiny1634:LTO=disable,clock=16external,eesave=aenable,bod=1v8,neopixelport=portb,millis=enabled,bodact=disabled,bodpd=disabled	1.8.6	6916	410	6	false	0	0		0	
2020-07-22 06:25:09	402	402.163	https://travis-ci.org/SpenceKonde/ATTinyCore/jobs/710611052	push		false	master	d613599a499c21320cf4282dd014f66ea79dbb1c	8db8a46da8c5...d613599a499c	trailing whitespace	/home/travis/Arduino/hardware/ATTinyCore/avr/libraries/tinyNeoPixel/examples/simple/simple.ino	ATTinyCore:avr:attiny1634:LTO=disable,clock=16external,eesave=aenable,bod=1v8,neopixelport=portb,millis=enabled,bodact=disabled,bodpd=disabled	1.8.6	2752	41	0	false	0	0		0	
2020-07-22 06:25:12	402	402.163	https://travis-ci.org/SpenceKonde/ATTinyCore/jobs/710611052	push		false	master	d613599a499c21320cf4282dd014f66ea79dbb1c	8db8a46da8c5...d613599a499c	trailing whitespace	/home/travis/Arduino/hardware/ATTinyCore/avr/libraries/Servo/examples/Knob/Knob.ino	ATTinyCore:avr:attiny1634:LTO=disable,clock=16external,eesave=aenable,bod=1v8,neopixelport=portb,millis=enabled,bodact=disabled,bodpd=disabled	1.8.6	2564	55	2	false	0	0		0	
2020-07-22 06:25:15	402	402.163	https://travis-ci.org/SpenceKonde/ATTinyCore/jobs/710611052	push		false	master	d613599a499c21320cf4282dd014f66ea79dbb1c	8db8a46da8c5...d613599a499c	trailing whitespace	/home/travis/Arduino/hardware/ATTinyCore/avr/libraries/Servo/examples/Sweep/Sweep.ino	ATTinyCore:avr:attiny1634:LTO=disable,clock=16external,eesave=aenable,bod=1v8,neopixelport=portb,millis=enabled,bodact=disabled,bodpd=disabled	1.8.6	2510	52	2	false	0	0		0	
2020-07-22 06:25:17	402	402.163	https://travis-ci.org/SpenceKonde/ATTinyCore/jobs/710611052	push		false	master	d613599a499c21320cf4282dd014f66ea79dbb1c	8db8a46da8c5...d613599a499c	trailing whitespace	/home/travis/Arduino/hardware/ATTinyCore/avr/libraries/EEPROM/examples/eeprom_get/eeprom_get.ino	ATTinyCore:avr:attiny1634:LTO=disable,clock=16external,eesave=aenable,bod=1v8,neopixelport=portb,millis=enabled,bodact=disabled,bodpd=disabled	1.8.6	4074	192	0	false	0	0		0	
2020-07-22 06:25:20	402	402.163	https://travis-ci.org/SpenceKonde/ATTinyCore/jobs/710611052	push		false	master	d613599a499c21320cf4282dd014f66ea79dbb1c	8db8a46da8c5...d613599a499c	trailing whitespace	/home/travis/Arduino/hardware/ATTinyCore/avr/libraries/EEPROM/examples/eeprom_crc/eeprom_crc.ino	ATTinyCore:avr:attiny1634:LTO=disable,clock=16external,eesave=aenable,bod=1v8,neopixelport=portb,millis=enabled,bodact=disabled,bodpd=disabled	1.8.6	2418	234	1	false	0	0		0	
2020-07-22 06:25:23	402	402.163	https://travis-ci.org/SpenceKonde/ATTinyCore/jobs/710611052	push		false	master	d613599a499c21320cf4282dd014f66ea79dbb1c	8db8a46da8c5...d613599a499c	trailing whitespace	/home/travis/Arduino/hardware/ATTinyCore/avr/libraries/EEPROM/examples/eeprom_read/eeprom_read.ino	ATTinyCore:avr:attiny1634:LTO=disable,clock=16external,eesave=aenable,bod=1v8,neopixelport=portb,millis=enabled,bodact=disabled,bodpd=disabled	1.8.6	2308	125	1	false	0	0		0	
2020-07-22 06:25:25	402	402.163	https://travis-ci.org/SpenceKonde/ATTinyCore/jobs/710611052	push		false	master	d613599a499c21320cf4282dd014f66ea79dbb1c	8db8a46da8c5...d613599a499c	trailing whitespace	/home/travis/Arduino/hardware/ATTinyCore/avr/libraries/EEPROM/examples/eeprom_clear/eeprom_clear.ino	ATTinyCore:avr:attiny1634:LTO=disable,clock=16external,eesave=aenable,bod=1v8,neopixelport=portb,millis=enabled,bodact=disabled,bodpd=disabled	1.8.6	854	9	1	false	0	0		0	
2020-07-22 06:25:28	402	402.163	https://travis-ci.org/SpenceKonde/ATTinyCore/jobs/710611052	push		false	master	d613599a499c21320cf4282dd014f66ea79dbb1c	8db8a46da8c5...d613599a499c	trailing whitespace	/home/travis/Arduino/hardware/ATTinyCore/avr/libraries/EEPROM/examples/eeprom_write/eeprom_write.ino	ATTinyCore:avr:attiny1634:LTO=disable,clock=16external,eesave=aenable,bod=1v8,neopixelport=portb,millis=enabled,bodact=disabled,bodpd=disabled	1.8.6	714	12	0	false	0	0		0	
2020-07-22 06:25:30	402	402.163	https://travis-ci.org/SpenceKonde/ATTinyCore/jobs/710611052	push		false	master	d613599a499c21320cf4282dd014f66ea79dbb1c	8db8a46da8c5...d613599a499c	trailing whitespace	/home/travis/Arduino/hardware/ATTinyCore/avr/libraries/EEPROM/examples/eeprom_iteration/eeprom_iteration.ino	ATTinyCore:avr:attiny1634:LTO=disable,clock=16external,eesave=aenable,bod=1v8,neopixelport=portb,millis=enabled,bodact=disabled,bodpd=disabled	1.8.6	606	9	3	false	0	0		0	
2020-07-22 06:25:33	402	402.163	https://travis-ci.org/SpenceKonde/ATTinyCore/jobs/710611052	push		false	master	d613599a499c21320cf4282dd014f66ea79dbb1c	8db8a46da8c5...d613599a499c	trailing whitespace	/home/travis/Arduino/hardware/ATTinyCore/avr/libraries/EEPROM/examples/eeprom_update/eeprom_update.ino	ATTinyCore:avr:attiny1634:LTO=disable,clock=16external,eesave=aenable,bod=1v8,neopixelport=portb,millis=enabled,bodact=disabled,bodpd=disabled	1.8.6	764	12	1	false	0	0		0	
2020-07-22 06:25:35	402	402.163	https://travis-ci.org/SpenceKonde/ATTinyCore/jobs/710611052	push		false	master	d613599a499c21320cf4282dd014f66ea79dbb1c	8db8a46da8c5...d613599a499c	trailing whitespace	/home/travis/Arduino/hardware/ATTinyCore/avr/libraries/EEPROM/examples/eeprom_put/eeprom_put.ino	ATTinyCore:avr:attiny1634:LTO=disable,clock=16external,eesave=aenable,bod=1v8,neopixelport=portb,millis=enabled,bodact=disabled,bodpd=disabled	1.8.6	2068	264	0	false	0	0		0	
2020-07-22 06:25:38	402	402.163	https://travis-ci.org/SpenceKonde/ATTinyCore/jobs/710611052	push		false	master	d613599a499c21320cf4282dd014f66ea79dbb1c	8db8a46da8c5...d613599a499c	trailing whitespace	/home/travis/Arduino/hardware/ATTinyCore/avr/libraries/ATTinyCore/examples/TemperatureRead/TemperatureRead.ino	ATTinyCore:avr:attiny1634:LTO=disable,clock=16external,eesave=aenable,bod=1v8,neopixelport=portb,millis=enabled,bodact=disabled,bodpd=disabled	1.8.6	2278	127	0	false	0	0		0	
2020-07-22 06:25:41	402	402.163	https://travis-ci.org/SpenceKonde/ATTinyCore/jobs/710611052	push		false	master	d613599a499c21320cf4282dd014f66ea79dbb1c	8db8a46da8c5...d613599a499c	trailing whitespace	/home/travis/Arduino/hardware/ATTinyCore/avr/libraries/tinyNeoPixel_Static/examples/strandtest/strandtest.ino	ATTinyCore:avr:attiny1634:LTO=disable,clock=16external,eesave=aenable,bod=1v8,neopixelport=portb,millis=enabled,bodact=disabled,bodpd=disabled	1.8.6	2744	208	5	false	0	0		0	
2020-07-22 06:25:43	402	402.163	https://travis-ci.org/SpenceKonde/ATTinyCore/jobs/710611052	push		false	master	d613599a499c21320cf4282dd014f66ea79dbb1c	8db8a46da8c5...d613599a499c	trailing whitespace	/home/travis/Arduino/hardware/ATTinyCore/avr/libraries/tinyNeoPixel_Static/examples/buttoncycler/buttoncycler.ino	ATTinyCore:avr:attiny1634:LTO=disable,clock=16external,eesave=aenable,bod=1v8,neopixelport=portb,millis=enabled,bodact=disabled,bodpd=disabled	1.8.6	2970	80	5	false	0	0		0	
2020-07-22 06:25:46	402	402.163	https://travis-ci.org/SpenceKonde/ATTinyCore/jobs/710611052	push		false	master	d613599a499c21320cf4282dd014f66ea79dbb1c	8db8a46da8c5...d613599a499c	trailing whitespace	/home/travis/Arduino/hardware/ATTinyCore/avr/libraries/tinyNeoPixel_Static/examples/simple/simple.ino	ATTinyCore:avr:attiny1634:LTO=disable,clock=16external,eesave=aenable,bod=1v8,neopixelport=portb,millis=enabled,bodact=disabled,bodpd=disabled	1.8.6	1810	78	1	false	0	0		0	
2020-07-22 06:25:49	402	402.163	https://travis-ci.org/SpenceKonde/ATTinyCore/jobs/710611052	push		false	master	d613599a499c21320cf4282dd014f66ea79dbb1c	8db8a46da8c5...d613599a499c	trailing whitespace	/home/travis/Arduino/hardware/ATTinyCore/avr/libraries/SPI/examples/BarometricPressureSensor/BarometricPressureSensor.ino	ATTinyCore:avr:attiny1634:LTO=disable,clock=16external,eesave=aenable,bod=1v8,neopixelport=portb,millis=enabled,bodact=disabled,bodpd=disabled	1.8.6	6918	175	1	false	0	0		0	
2020-07-22 06:25:51	402	402.163	https://travis-ci.org/SpenceKonde/ATTinyCore/jobs/710611052	push		false	master	d613599a499c21320cf4282dd014f66ea79dbb1c	8db8a46da8c5...d613599a499c	trailing whitespace	/home/travis/Arduino/hardware/ATTinyCore/avr/libraries/SPI/examples/DigitalPotControl/DigitalPotControl.ino	ATTinyCore:avr:attiny1634:LTO=disable,clock=16external,eesave=aenable,bod=1v8,neopixelport=portb,millis=enabled,bodact=disabled,bodpd=disabled	1.8.6	1408	14	0	false	0	0		0	
2020-07-22 06:25:54	402	402.163	https://travis-ci.org/SpenceKonde/ATTinyCore/jobs/710611052	push		false	master	d613599a499c21320cf4282dd014f66ea79dbb1c	8db8a46da8c5...d613599a499c	trailing whitespace	/home/travis/Arduino/hardware/ATTinyCore/avr/libraries/Wire/examples/SFRRanger_reader/SFRRanger_reader.ino	ATTinyCore:avr:attiny1634:LTO=disable,clock=16external,eesave=aenable,bod=1v8,neopixelport=portb,millis=enabled,bodact=disabled,bodpd=disabled	1.8.6	3800	171	0	false	0	0		0	
2020-07-22 06:25:57	402	402.163	https://travis-ci.org/SpenceKonde/ATTinyCore/jobs/710611052	push		false	master	d613599a499c21320cf4282dd014f66ea79dbb1c	8db8a46da8c5...d613599a499c	trailing whitespace	/home/travis/Arduino/hardware/ATTinyCore/avr/libraries/Wire/examples/master_writer/master_writer.ino	ATTinyCore:avr:attiny1634:LTO=disable,clock=16external,eesave=aenable,bod=1v8,neopixelport=portb,millis=enabled,bodact=disabled,bodpd=disabled	1.8.6	1868	65	0	false	0	0		0	
2020-07-22 06:26:00	402	402.163	https://travis-ci.org/SpenceKonde/ATTinyCore/jobs/710611052	push		false	master	d613599a499c21320cf4282dd014f66ea79dbb1c	8db8a46da8c5...d613599a499c	trailing whitespace	/home/travis/Arduino/hardware/ATTinyCore/avr/libraries/Wire/examples/digital_potentiometer/digital_potentiometer.ino	ATTinyCore:avr:attiny1634:LTO=disable,clock=16external,eesave=aenable,bod=1v8,neopixelport=portb,millis=enabled,bodact=disabled,bodpd=disabled	1.8.6	1768	59	0	false	0	0		0	
2020-07-22 06:26:02	402	402.163	https://travis-ci.org/SpenceKonde/ATTinyCore/jobs/710611052	push		false	master	d613599a499c21320cf4282dd014f66ea79dbb1c	8db8a46da8c5...d613599a499c	trailing whitespace	/home/travis/Arduino/hardware/ATTinyCore/avr/libraries/Wire/examples/slave_receiver/slave_receiver.ino	ATTinyCore:avr:attiny1634:LTO=disable,clock=16external,eesave=aenable,bod=1v8,neopixelport=portb,millis=enabled,bodact=disabled,bodpd=disabled	1.8.6	2994	167	1	false	0	0		0	
2020-07-22 06:26:05	402	402.163	https://travis-ci.org/SpenceKonde/ATTinyCore/jobs/710611052	push		false	master	d613599a499c21320cf4282dd014f66ea79dbb1c	8db8a46da8c5...d613599a499c	trailing whitespace	/home/travis/Arduino/hardware/ATTinyCore/avr/libraries/Wire/examples/master_reader/master_reader.ino	ATTinyCore:avr:attiny1634:LTO=disable,clock=16external,eesave=aenable,bod=1v8,neopixelport=portb,millis=enabled,bodact=disabled,bodpd=disabled	1.8.6	3188	169	0	false	0	0		0	
2020-07-22 06:26:08	402	402.163	https://travis-ci.org/SpenceKonde/ATTinyCore/jobs/710611052	push		false	master	d613599a499c21320cf4282dd014f66ea79dbb1c	8db8a46da8c5...d613599a499c	trailing whitespace	/home/travis/Arduino/hardware/ATTinyCore/avr/libraries/Wire/examples/slave_sender/slave_sender.ino	ATTinyCore:avr:attiny1634:LTO=disable,clock=16external,eesave=aenable,bod=1v8,neopixelport=portb,millis=enabled,bodact=disabled,bodpd=disabled	1.8.6	1496	65	0	false	0	0		0	
2020-07-22 06:26:11	402	402.163	https://travis-ci.org/SpenceKonde/ATTinyCore/jobs/710611052	push		false	master	d613599a499c21320cf4282dd014f66ea79dbb1c	8db8a46da8c5...d613599a499c	trailing whitespace	/home/travis/Arduino/hardware/ATTinyCore/avr/libraries/Servo_ATTinyCore/examples/Knob/Knob.ino	ATTinyCore:avr:attiny1634:LTO=disable,clock=16external,eesave=aenable,bod=1v8,neopixelport=portb,millis=enabled,bodact=disabled,bodpd=disabled	1.8.6	2564	55	2	false	0	0		0	
2020-07-22 06:26:13	402	402.163	https://travis-ci.org/SpenceKonde/ATTinyCore/jobs/710611052	push		false	master	d613599a499c21320cf4282dd014f66ea79dbb1c	8db8a46da8c5...d613599a499c	trailing whitespace	/home/travis/Arduino/hardware/ATTinyCore/avr/libraries/Servo_ATTinyCore/examples/Sweep/Sweep.ino	ATTinyCore:avr:attiny1634:LTO=disable,clock=16external,eesave=aenable,bod=1v8,neopixelport=portb,millis=enabled,bodact=disabled,bodpd=disabled	1.8.6	2510	52	2	false	0	0		0	
2020-07-22 06:26:19	402	402.163	https://travis-ci.org/SpenceKonde/ATTinyCore/jobs/710611052	push		false	master	d613599a499c21320cf4282dd014f66ea79dbb1c	8db8a46da8c5...d613599a499c	trailing whitespace	/home/travis/Arduino/hardware/ATTinyCore/avr/libraries/SoftwareSerial/examples/SoftwareSerialExample/SoftwareSerialExample.ino	ATTinyCore:avr:attiny1634:LTO=disable,clock=16external,eesave=aenable,bod=1v8,neopixelport=portb,millis=enabled,bodact=disabled,bodpd=disabled	1.8.13	3674	265	4	false	0	0		0	
2020-07-22 06:26:23	402	402.163	https://travis-ci.org/SpenceKonde/ATTinyCore/jobs/710611052	push		false	master	d613599a499c21320cf4282dd014f66ea79dbb1c	8db8a46da8c5...d613599a499c	trailing whitespace	/home/travis/Arduino/hardware/ATTinyCore/avr/libraries/SoftwareSerial/examples/TwoPortReceive/TwoPortReceive.ino	ATTinyCore:avr:attiny1634:LTO=disable,clock=16external,eesave=aenable,bod=1v8,neopixelport=portb,millis=enabled,bodact=disabled,bodpd=disabled	1.8.13	3760	306	4	false	0	0		0	
2020-07-22 06:26:26	402	402.163	https://travis-ci.org/SpenceKonde/ATTinyCore/jobs/710611052	push		false	master	d613599a499c21320cf4282dd014f66ea79dbb1c	8db8a46da8c5...d613599a499c	trailing whitespace	/home/travis/Arduino/hardware/ATTinyCore/avr/libraries/tinyNeoPixel/examples/strandtest/strandtest.ino	ATTinyCore:avr:attiny1634:LTO=disable,clock=16external,eesave=aenable,bod=1v8,neopixelport=portb,millis=enabled,bodact=disabled,bodpd=disabled	1.8.13	3684	39	0	false	0	0		0	
2020-07-22 06:26:29	402	402.163	https://travis-ci.org/SpenceKonde/ATTinyCore/jobs/710611052	push		false	master	d613599a499c21320cf4282dd014f66ea79dbb1c	8db8a46da8c5...d613599a499c	trailing whitespace	/home/travis/Arduino/hardware/ATTinyCore/avr/libraries/tinyNeoPixel/examples/buttoncycler/buttoncycler.ino	ATTinyCore:avr:attiny1634:LTO=disable,clock=16external,eesave=aenable,bod=1v8,neopixelport=portb,millis=enabled,bodact=disabled,bodpd=disabled	1.8.13	2738	41	0	false	0	0		0	
2020-07-22 06:26:32	402	402.163	https://travis-ci.org/SpenceKonde/ATTinyCore/jobs/710611052	push		false	master	d613599a499c21320cf4282dd014f66ea79dbb1c	8db8a46da8c5...d613599a499c	trailing whitespace	/home/travis/Arduino/hardware/ATTinyCore/avr/libraries/tinyNeoPixel/examples/RGBWstrandtest/RGBWstrandtest.ino	ATTinyCore:avr:attiny1634:LTO=disable,clock=16external,eesave=aenable,bod=1v8,neopixelport=portb,millis=enabled,bodact=disabled,bodpd=disabled	1.8.13	6864	410	6	false	0	0		0	
2020-07-22 06:26:35	402	402.163	https://travis-ci.org/SpenceKonde/ATTinyCore/jobs/710611052	push		false	master	d613599a499c21320cf4282dd014f66ea79dbb1c	8db8a46da8c5...d613599a499c	trailing whitespace	/home/travis/Arduino/hardware/ATTinyCore/avr/libraries/tinyNeoPixel/examples/simple/simple.ino	ATTinyCore:avr:attiny1634:LTO=disable,clock=16external,eesave=aenable,bod=1v8,neopixelport=portb,millis=enabled,bodact=disabled,bodpd=disabled	1.8.13	2738	41	0	false	0	0		0	
2020-07-22 06:26:38	402	402.163	https://travis-ci.org/SpenceKonde/ATTinyCore/jobs/710611052	push		false	master	d613599a499c21320cf4282dd014f66ea79dbb1c	8db8a46da8c5...d613599a499c	trailing whitespace	/home/travis/Arduino/hardware/ATTinyCore/avr/libraries/Servo/examples/Knob/Knob.ino	ATTinyCore:avr:attiny1634:LTO=disable,clock=16external,eesave=aenable,bod=1v8,neopixelport=portb,millis=enabled,bodact=disabled,bodpd=disabled	1.8.13	2560	55	2	false	0	0		0	
2020-07-22 06:26:41	402	402.163	https://travis-ci.org/SpenceKonde/ATTinyCore/jobs/710611052	push		false	master	d613599a499c21320cf4282dd014f66ea79dbb1c	8db8a46da8c5...d613599a499c	trailing whitespace	/home/travis/Arduino/hardware/ATTinyCore/avr/libraries/Servo/examples/Sweep/Sweep.ino	ATTinyCore:avr:attiny1634:LTO=disable,clock=16external,eesave=aenable,bod=1v8,neopixelport=portb,millis=enabled,bodact=disabled,bodpd=disabled	1.8.13	2506	52	2	false	0	0		0	
2020-07-22 06:26:44	402	402.163	https://travis-ci.org/SpenceKonde/ATTinyCore/jobs/710611052	push		false	master	d613599a499c21320cf4282dd014f66ea79dbb1c	8db8a46da8c5...d613599a499c	trailing whitespace	/home/travis/Arduino/hardware/ATTinyCore/avr/libraries/EEPROM/examples/eeprom_get/eeprom_get.ino	ATTinyCore:avr:attiny1634:LTO=disable,clock=16external,eesave=aenable,bod=1v8,neopixelport=portb,millis=enabled,bodact=disabled,bodpd=disabled	1.8.13	4082	192	0	false	0	0		0	
2020-07-22 06:26:47	402	402.163	https://travis-ci.org/SpenceKonde/ATTinyCore/jobs/710611052	push		false	master	d613599a499c21320cf4282dd014f66ea79dbb1c	8db8a46da8c5...d613599a499c	trailing whitespace	/home/travis/Arduino/hardware/ATTinyCore/avr/libraries/EEPROM/examples/eeprom_crc/eeprom_crc.ino	ATTinyCore:avr:attiny1634:LTO=disable,clock=16external,eesave=aenable,bod=1v8,neopixelport=portb,millis=enabled,bodact=disabled,bodpd=disabled	1.8.13	2416	234	1	false	0	0		0	
2020-07-22 06:26:50	402	402.163	https://travis-ci.org/SpenceKonde/ATTinyCore/jobs/710611052	push		false	master	d613599a499c21320cf4282dd014f66ea79dbb1c	8db8a46da8c5...d613599a499c	trailing whitespace	/home/travis/Arduino/hardware/ATTinyCore/avr/libraries/EEPROM/examples/eeprom_read/eeprom_read.ino	ATTinyCore:avr:attiny1634:LTO=disable,clock=16external,eesave=aenable,bod=1v8,neopixelport=portb,millis=enabled,bodact=disabled,bodpd=disabled	1.8.13	2304	125	1	false	0	0		0	
2020-07-22 06:26:52	402	402.163	https://travis-ci.org/SpenceKonde/ATTinyCore/jobs/710611052	push		false	master	d613599a499c21320cf4282dd014f66ea79dbb1c	8db8a46da8c5...d613599a499c	trailing whitespace	/home/travis/Arduino/hardware/ATTinyCore/avr/libraries/EEPROM/examples/eeprom_clear/eeprom_clear.ino	ATTinyCore:avr:attiny1634:LTO=disable,clock=16external,eesave=aenable,bod=1v8,neopixelport=portb,millis=enabled,bodact=disabled,bodpd=disabled	1.8.13	858	9	1	false	0	0		0	
2020-07-22 06:26:55	402	402.163	https://travis-ci.org/SpenceKonde/ATTinyCore/jobs/710611052	push		false	master	d613599a499c21320cf4282dd014f66ea79dbb1c	8db8a46da8c5...d613599a499c	trailing whitespace	/home/travis/Arduino/hardware/ATTinyCore/avr/libraries/EEPROM/examples/eeprom_write/eeprom_write.ino	ATTinyCore:avr:attiny1634:LTO=disable,clock=16external,eesave=aenable,bod=1v8,neopixelport=portb,millis=enabled,bodact=disabled,bodpd=disabled	1.8.13	714	12	0	false	0	0		0	
2020-07-22 06:26:58	402	402.163	https://travis-ci.org/SpenceKonde/ATTinyCore/jobs/710611052	push		false	master	d613599a499c21320cf4282dd014f66ea79dbb1c	8db8a46da8c5...d613599a499c	trailing whitespace	/home/travis/Arduino/hardware/ATTinyCore/avr/libraries/EEPROM/examples/eeprom_iteration/eeprom_iteration.ino	ATTinyCore:avr:attiny1634:LTO=disable,clock=16external,eesave=aenable,bod=1v8,neopixelport=portb,millis=enabled,bodact=disabled,bodpd=disabled	1.8.13	606	9	3	false	0	0		0	
2020-07-22 06:27:01	402	402.163	https://travis-ci.org/SpenceKonde/ATTinyCore/jobs/710611052	push		false	master	d613599a499c21320cf4282dd014f66ea79dbb1c	8db8a46da8c5...d613599a499c	trailing whitespace	/home/travis/Arduino/hardware/ATTinyCore/avr/libraries/EEPROM/examples/eeprom_update/eeprom_update.ino	ATTinyCore:avr:attiny1634:LTO=disable,clock=16external,eesave=aenable,bod=1v8,neopixelport=portb,millis=enabled,bodact=disabled,bodpd=disabled	1.8.13	764	12	1	false	0	0		0	
2020-07-22 06:27:04	402	402.163	https://travis-ci.org/SpenceKonde/ATTinyCore/jobs/710611052	push		false	master	d613599a499c21320cf4282dd014f66ea79dbb1c	8db8a46da8c5...d613599a499c	trailing whitespace	/home/travis/Arduino/hardware/ATTinyCore/avr/libraries/EEPROM/examples/eeprom_put/eeprom_put.ino	ATTinyCore:avr:attiny1634:LTO=disable,clock=16external,eesave=aenable,bod=1v8,neopixelport=portb,millis=enabled,bodact=disabled,bodpd=disabled	1.8.13	2068	264	0	false	0	0		0	
2020-07-22 06:27:07	402	402.163	https://travis-ci.org/SpenceKonde/ATTinyCore/jobs/710611052	push		false	master	d613599a499c21320cf4282dd014f66ea79dbb1c	8db8a46da8c5...d613599a499c	trailing whitespace	/home/travis/Arduino/hardware/ATTinyCore/avr/libraries/ATTinyCore/examples/TemperatureRead/TemperatureRead.ino	ATTinyCore:avr:attiny1634:LTO=disable,clock=16external,eesave=aenable,bod=1v8,neopixelport=portb,millis=enabled,bodact=disabled,bodpd=disabled	1.8.13	2274	127	0	false	0	0		0	
2020-07-22 06:27:10	402	402.163	https://travis-ci.org/SpenceKonde/ATTinyCore/jobs/710611052	push		false	master	d613599a499c21320cf4282dd014f66ea79dbb1c	8db8a46da8c5...d613599a499c	trailing whitespace	/home/travis/Arduino/hardware/ATTinyCore/avr/libraries/tinyNeoPixel_Static/examples/strandtest/strandtest.ino	ATTinyCore:avr:attiny1634:LTO=disable,clock=16external,eesave=aenable,bod=1v8,neopixelport=portb,millis=enabled,bodact=disabled,bodpd=disabled	1.8.13	2692	208	5	false	0	0		0	
2020-07-22 06:27:13	402	402.163	https://travis-ci.org/SpenceKonde/ATTinyCore/jobs/710611052	push		false	master	d613599a499c21320cf4282dd014f66ea79dbb1c	8db8a46da8c5...d613599a499c	trailing whitespace	/home/travis/Arduino/hardware/ATTinyCore/avr/libraries/tinyNeoPixel_Static/examples/buttoncycler/buttoncycler.ino	ATTinyCore:avr:attiny1634:LTO=disable,clock=16external,eesave=aenable,bod=1v8,neopixelport=portb,millis=enabled,bodact=disabled,bodpd=disabled	1.8.13	2906	80	5	false	0	0		0	
2020-07-22 06:27:16	402	402.163	https://travis-ci.org/SpenceKonde/ATTinyCore/jobs/710611052	push		false	master	d613599a499c21320cf4282dd014f66ea79dbb1c	8db8a46da8c5...d613599a499c	trailing whitespace	/home/travis/Arduino/hardware/ATTinyCore/avr/libraries/tinyNeoPixel_Static/examples/simple/simple.ino	ATTinyCore:avr:attiny1634:LTO=disable,clock=16external,eesave=aenable,bod=1v8,neopixelport=portb,millis=enabled,bodact=disabled,bodpd=disabled	1.8.13	1782	78	1	false	0	0		0	
2020-07-22 06:27:19	402	402.163	https://travis-ci.org/SpenceKonde/ATTinyCore/jobs/710611052	push		false	master	d613599a499c21320cf4282dd014f66ea79dbb1c	8db8a46da8c5...d613599a499c	trailing whitespace	/home/travis/Arduino/hardware/ATTinyCore/avr/libraries/SPI/examples/BarometricPressureSensor/BarometricPressureSensor.ino	ATTinyCore:avr:attiny1634:LTO=disable,clock=16external,eesave=aenable,bod=1v8,neopixelport=portb,millis=enabled,bodact=disabled,bodpd=disabled	1.8.13	6890	175	1	false	0	0		0	
2020-07-22 06:27:22	402	402.163	https://travis-ci.org/SpenceKonde/ATTinyCore/jobs/710611052	push		false	master	d613599a499c21320cf4282dd014f66ea79dbb1c	8db8a46da8c5...d613599a499c	trailing whitespace	/home/travis/Arduino/hardware/ATTinyCore/avr/libraries/SPI/examples/DigitalPotControl/DigitalPotControl.ino	ATTinyCore:avr:attiny1634:LTO=disable,clock=16external,eesave=aenable,bod=1v8,neopixelport=portb,millis=enabled,bodact=disabled,bodpd=disabled	1.8.13	1406	14	0	false	0	0		0	
2020-07-22 06:27:25	402	402.163	https://travis-ci.org/SpenceKonde/ATTinyCore/jobs/710611052	push		false	master	d613599a499c21320cf4282dd014f66ea79dbb1c	8db8a46da8c5...d613599a499c	trailing whitespace	/home/travis/Arduino/hardware/ATTinyCore/avr/libraries/Wire/examples/SFRRanger_reader/SFRRanger_reader.ino	ATTinyCore:avr:attiny1634:LTO=disable,clock=16external,eesave=aenable,bod=1v8,neopixelport=portb,millis=enabled,bodact=disabled,bodpd=disabled	1.8.13	3788	171	1	false	0	0		0	
2020-07-22 06:27:29	402	402.163	https://travis-ci.org/SpenceKonde/ATTinyCore/jobs/710611052	push		false	master	d613599a499c21320cf4282dd014f66ea79dbb1c	8db8a46da8c5...d613599a499c	trailing whitespace	/home/travis/Arduino/hardware/ATTinyCore/avr/libraries/Wire/examples/master_writer/master_writer.ino	ATTinyCore:avr:attiny1634:LTO=disable,clock=16external,eesave=aenable,bod=1v8,neopixelport=portb,millis=enabled,bodact=disabled,bodpd=disabled	1.8.13	1876	65	1	false	0	0		0	
2020-07-22 06:27:32	402	402.163	https://travis-ci.org/SpenceKonde/ATTinyCore/jobs/710611052	push		false	master	d613599a499c21320cf4282dd014f66ea79dbb1c	8db8a46da8c5...d613599a499c	trailing whitespace	/home/travis/Arduino/hardware/ATTinyCore/avr/libraries/Wire/examples/digital_potentiometer/digital_potentiometer.ino	ATTinyCore:avr:attiny1634:LTO=disable,clock=16external,eesave=aenable,bod=1v8,neopixelport=portb,millis=enabled,bodact=disabled,bodpd=disabled	1.8.13	1776	59	1	false	0	0		0	
2020-07-22 06:27:35	402	402.163	https://travis-ci.org/SpenceKonde/ATTinyCore/jobs/710611052	push		false	master	d613599a499c21320cf4282dd014f66ea79dbb1c	8db8a46da8c5...d613599a499c	trailing whitespace	/home/travis/Arduino/hardware/ATTinyCore/avr/libraries/Wire/examples/slave_receiver/slave_receiver.ino	ATTinyCore:avr:attiny1634:LTO=disable,clock=16external,eesave=aenable,bod=1v8,neopixelport=portb,millis=enabled,bodact=disabled,bodpd=disabled	1.8.13	2980	167	2	false	0	0		0	
2020-07-22 06:27:38	402	402.163	https://travis-ci.org/SpenceKonde/ATTinyCore/jobs/710611052	push		false	master	d613599a499c21320cf4282dd014f66ea79dbb1c	8db8a46da8c5...d613599a499c	trailing whitespace	/home/travis/Arduino/hardware/ATTinyCore/avr/libraries/Wire/examples/master_reader/master_reader.ino	ATTinyCore:avr:attiny1634:LTO=disable,clock=16external,eesave=aenable,bod=1v8,neopixelport=portb,millis=enabled,bodact=disabled,bodpd=disabled	1.8.13	3182	169	1	false	0	0		0	
2020-07-22 06:27:41	402	402.163	https://travis-ci.org/SpenceKonde/ATTinyCore/jobs/710611052	push		false	master	d613599a499c21320cf4282dd014f66ea79dbb1c	8db8a46da8c5...d613599a499c	trailing whitespace	/home/travis/Arduino/hardware/ATTinyCore/avr/libraries/Wire/examples/slave_sender/slave_sender.ino	ATTinyCore:avr:attiny1634:LTO=disable,clock=16external,eesave=aenable,bod=1v8,neopixelport=portb,millis=enabled,bodact=disabled,bodpd=disabled	1.8.13	1502	65	1	false	0	0		0	
2020-07-22 06:27:44	402	402.163	https://travis-ci.org/SpenceKonde/ATTinyCore/jobs/710611052	push		false	master	d613599a499c21320cf4282dd014f66ea79dbb1c	8db8a46da8c5...d613599a499c	trailing whitespace	/home/travis/Arduino/hardware/ATTinyCore/avr/libraries/Servo_ATTinyCore/examples/Knob/Knob.ino	ATTinyCore:avr:attiny1634:LTO=disable,clock=16external,eesave=aenable,bod=1v8,neopixelport=portb,millis=enabled,bodact=disabled,bodpd=disabled	1.8.13	2560	55	2	false	0	0		0	
2020-07-22 06:27:47	402	402.163	https://travis-ci.org/SpenceKonde/ATTinyCore/jobs/710611052	push		false	master	d613599a499c21320cf4282dd014f66ea79dbb1c	8db8a46da8c5...d613599a499c	trailing whitespace	/home/travis/Arduino/hardware/ATTinyCore/avr/libraries/Servo_ATTinyCore/examples/Sweep/Sweep.ino	ATTinyCore:avr:attiny1634:LTO=disable,clock=16external,eesave=aenable,bod=1v8,neopixelport=portb,millis=enabled,bodact=disabled,bodpd=disabled	1.8.13	2506	52	2	false	0	0		0	
